-5.6106477561714376
-4.7284114812109950
-3.0704234650875102
-0.5014299284910229
2.8456258799826779
6.2635699905215576
8.3114407170535181
7.2212533865017354
2.2223095814707654
-4.6825614267212128
-8.4527545557253347
-4.6317892695503646
4.3991776699415412
8.4559402482470620
0.9440537394980524
-8.2409087694238732
-3.5155050984656748
7.8994029685482525
3.3966017897271898
-8.5435963764173479
-0.4101038613751186
8.7234630077270339
-5.2159331921401231
-4.4191796442238429
9.2091965487498566
-5.3249306672804337
-2.6469905829044187
8.5142623001658606
-9.1040724230212007
5.2736495834043584
0.4718631902938606
-5.6036952784256027
8.9244946594251591
-10.1254377296421070
9.7655124033770715
-8.3921699307962729
6.7118673553534212
-5.0300557296444204
3.7232874559113864
-2.7990803248981928
2.4503971197528176
-2.5662058253395044
3.2989806239499204
-4.4836106514330281
6.2320544688689212
-8.2518724348303998
10.5104849080535220
-12.4581908808057320
13.8458577949798340
-13.8773379246807700
12.3036651321098470
-8.4851909308673470
2.8325839998368201
4.4507530537032061
-11.6536228381584620
17.6437833971104360
-19.8413285398252410
17.6792058615906240
-9.3530953451357082
-2.7209682540832714
19.3347432641231090
-33.5454942601368560
58.5216769124323410
-81.4832402065461000
58.5216769124333570
-33.5454942601377160
19.3347432641238160
-2.7209682540848963
-9.3530953451352268
17.6792058615897570
-19.8413285398229430
17.6437833971084930
-11.6536228381584190
4.4507530537037363
2.8325839998335942
-8.4851909308697131
12.3036651321180970
-13.8773379246892960
13.8458577949850770
-12.4581908808071060
10.5104849080534400
-8.2518724348307781
6.2320544688677106
-4.4836106514334295
3.2989806239506101
-2.5662058253395204
2.4503971197521963
-2.7990803248978913
3.7232874559108353
-5.0300557296437667
6.7118673553536237
-8.3921699307960367
9.7655124033775991
-10.1254377296441050
8.9244946594265127
-5.6036952784258185
0.4718631902936318
5.2736495834013901
-9.1040724230269561
8.5142623001685074
-2.6469905829044436
-5.3249306672800172
9.2091965487548606
-4.4191796442249434
-5.2159331921392029
8.7234630077348623
-0.4101038613726957
-8.5435963764219061
3.3966017897268914
7.8994029685489773
-3.5155050984662846
-8.2409087694262428
0.9440537395008968
8.4559402482463284
4.3991776699319773
-4.6317892695530745
-8.4527545557271289
-4.6825614267180455
2.2223095814761198
7.2212533865003286
8.3114407170532534
6.2635699905215754
2.8456258799828209
-0.5014299284940071
-3.0704234650907893
-4.7284114812134428
-5.6106477561729458
-5.8822074031813836
