-7.1287813818784684
-7.8388300630460810
-8.7361891345910543
-9.3210313517664432
-8.8530990119832271
-6.5550662079581468
-2.1579042786641711
3.3088878872343774
7.1247262030309244
6.0184967184813223
-0.6787730686858027
-8.1211147698816255
-8.3215752789841222
0.4747987522148294
7.5597904474820083
1.5980788475247818
-8.9507500704449452
-4.7830675721865017
7.1231438572494765
1.2863545673901788
-9.9061493662929152
1.1814243632256678
6.3850026114033485
-8.9719801690343015
-0.8566562963508535
6.5915086219753247
-9.9815733433760254
3.1475644354105965
1.8696923378885582
-9.1041393756893250
8.7619945736460547
-9.1408466749808994
3.5724209711420061
-1.4459590072653423
-4.2877044299299936
5.1939273317222501
-9.2208392746817935
8.5216563098699769
-11.3143844474751610
9.7971311481738699
-12.1074919609078240
10.3079627650148190
-12.3835703683760290
10.2450572645614650
-11.7375097385928960
8.6590610982686620
-8.7965400450167888
3.9836795797814033
-2.1815734843635024
-4.4300038596303057
7.3763691105000904
-13.8658562303993240
14.8644316548741720
-17.2944999578758320
12.3474323655022220
-7.8444566876593269
-3.4716660582540180
11.8519736679127550
-22.7628609467402610
25.4067504000318500
-25.3727686801035720
13.0060410946780130
5.8520849563260677
-0.9999999999995769
-7.8520849563262285
-15.0060410946780750
23.3727686801034660
-27.4067504000334310
20.7628609467422900
-13.8519736679145660
1.4716660582544758
5.8444566876565318
-14.3474323655010870
15.2944999578770760
-16.8644316548745760
11.8658562304011050
-9.3763691105033775
2.4300038596326070
0.1815734843608804
-5.9836795797816542
6.7965400450169380
-10.6590610982672710
9.7375097385939480
-12.2450572645615510
10.3835703683750800
-12.3079627650130910
10.1074919609066280
-11.7971311481733460
9.3143844474752129
-10.5216563098711280
7.2208392746827581
-7.1939273317221586
2.2877044299274787
-0.5540409927343448
-5.5724209711421961
7.1408466749816650
-10.7619945736461930
7.1041393756903828
-3.8696923378889343
-5.1475644354140986
7.9815733433768763
-8.5915086219744587
-1.1433437036497995
6.9719801690366436
-8.3850026113988854
-3.1814243632293451
7.9061493662915447
-3.2863545673906089
-9.1231438572507741
2.7830675721847458
6.9507500704453529
-3.5980788475236807
-9.5597904474777451
-2.4747987522155324
6.3215752789869253
6.1211147698827837
-1.3212269313158806
-8.0184967184788452
-9.1247262030320631
-5.3088878872324141
0.1579042786639968
4.5550662079582249
6.8530990119845194
7.3210313517644332
6.7361891345965734
5.8388300630526730
5.1287813818834147
4.8662475788796042
