0.0000000000570696 0.0000000040283779 -0.0000000000122554 -0.0000000555992949 0.0000000011835102 -0.0000005179929019 0.0000000080998714 -0.0000030313907361
-0.0004065478171965 -0.0003408727363616 -0.0001628955193011 0.0001197574323270 -0.0000470024232707 0.0000096751107188 -0.0000000706133575 0.0000027881160236
-0.0008206103459166 -0.0006738680320117 -0.0003106383610730 0.0002206364384825 -0.0000808583308078 0.0000143876869974 -0.0000010763810882 0.0000058604920446
-0.0012420516908615 -0.0009986659135301 -0.0004433444109093 0.0003034685898595 -0.0001028318867296 0.0000145678869103 -0.0000027163676202 0.0000068513468900
-0.0016707316740135 -0.0013149541464536 -0.0005611451979612 0.0003691406796920 -0.0001141406429533 0.0000110828093447 -0.0000047385115910 0.0000063271424101
-0.0021065058324114 -0.0016224244273339 -0.0006641878030979 0.0004185382373256 -0.0001159540763378 0.0000047219172534 -0.0000069285349080 0.0000047646780001
-0.0025492254755281 -0.0019207726017669 -0.0007526347433039 0.0004525446394355 -0.0001093933707325 -0.0000037995790219 -0.0000091070467656 0.0000025600298801
-0.0029987377451460 -0.0022096988798699 -0.0008266638446142 0.0004720402197138 -0.0000955312602248 -0.0000138373746288 -0.0000111267442993 0.0000000369478049
-0.0034548856777080 -0.0024889080490908 -0.0008864681036549 0.0004779013779784 -0.0000753919334241 -0.0000248147609012 -0.0000128697109787 -0.0000025452728237
-0.0039175082691071 -0.0027581096842285 -0.0009322555378613 0.0004709996896048 -0.0000499509985956 -0.0000362193561405 -0.0000142448140639 -0.0000049844275781
-0.0043864405418878 -0.0030170183545420 -0.0009642490244523 0.0004522010161908 -0.0000201355093220 -0.0000475998784819 -0.0000151852014607 -0.0000071285348667
-0.0048615136148219 -0.0032653538278332 -0.0009826861282519 0.0004223646183775 0.0000131759495782 -0.0000585629627338 -0.0000156458991167 -0.0000088694452511
-0.0053425547748263 -0.0035028412713847 -0.0009878189184508 0.0003823422717165 0.0000491531162687 -0.0000687700233366 -0.0000156015091782 -0.0000101369139391
-0.0058293875511868 -0.0037292114496376 -0.0009799137744186 0.0003329773865025 0.0000870138466984 -0.0000779341652370 -0.0000150440095508 -0.0000108931211679
-0.0063218317920478 -0.0039442009184971 -0.0009592511806739 0.0002751041324609 0.0001260238504143 -0.0000858171445857 -0.0000139806548386 -0.0000111276216981
-0.0068197037431328 -0.0041475522161527 -0.0009261255111375 0.0002095465691878 0.0001654963679557 -0.0000922263810946 -0.0000124319790584 -0.0000108527110310
-0.0073228161286519 -0.0043390140503045 -0.0008808448027950 0.0001371177832318 0.0002047917903625 -0.0000970120239156 -0.0000104298994464 -0.0000100991894617
-0.0078309782343590 -0.0045183414816869 -0.0008237305189097 0.0000586190326976 0.0002433172214652 -0.0001000640726442 -0.0000080159220724 -0.0000089125085836
-0.0083439959927115 -0.0046852961037837 -0.0007551173019241 -0.0000251610997537 0.0002805259835790 -0.0001013095553139 -0.0000052394478019 -0.0000073492848105
-0.0088616720700929 -0.0048396462186309 -0.0006753527162089 -0.0001134475446444 0.0003159170673633 -0.0001007097649659 -0.0000021561789296 -0.0000054741624187
-0.0093838059560504 -0.0049811670086049 -0.0005847969808153 -0.0002054795732976 0.0003490345265890 -0.0000982575563798 0.0000011733746535 -0.0000033570108097
-0.0099101940545027 -0.0051096407040963 -0.0004838226924007 -0.0003005116144892 0.0003794668186290 -0.0000939747046231 0.0000046852904329 -0.0000010704396412
-0.0104406297768701 -0.0052248567469719 -0.0003728145384993 -0.0003978140592976 0.0004068460915498 -0.0000879093268666 0.0000083135304623 0.0000013123842865
-0.0109749036370784 -0.0053266119497291 -0.0002521690013241 -0.0004966740533257 0.0004308474186685 -0.0000801333689614 0.0000119911417197 0.0000037196350227
-0.0115128033483872 -0.0054147106502485 -0.0001222940522856 -0.0005963962754738 0.0004511879815869 -0.0000707401582285 0.0000156513610031 0.0000060824543559
-0.0120541139219914 -0.0054889648620577 0.0000163911625736 -0.0006963037024750 0.0004676262026230 -0.0000598420237919 0.0000192286256160 0.0000083363257933
-0.0125986177673448 -0.0055491944200115 0.0001634566460276 -0.0007957383583949 0.0004799608277365 -0.0000475679858349 0.0000226594916439 0.0000104222090918
-0.0131460947941531 -0.0055952271213095 0.0003184618817874 -0.0008940620483190 0.0004880299609913 -0.0000340615149706 0.0000258834612227 0.0000122874523598
-0.0136963225159800 -0.0056268988617618 0.0004809561750785 -0.0009906570754862 0.0004917100516847 -0.0000194783630953 0.0000288437205570 0.0000138864955919
-0.0142490761554168 -0.0056440537672250 0.0006504790014476 -0.0010849269410945 0.0004909148353118 -0.0000039844667149 0.0000314877907404 0.0000151813814752
-0.0148041287507538 -0.0056465443201303 0.0008265603635783 -0.0011762970260776 0.0004855942295392 0.0000122460759825 0.0000337680934282 0.0000161420884066
-0.0153612512641021 -0.0056342314810252 0.0010087211558700 -0.0012642152541243 0.0004757331864557 0.0000290329532828 0.0000356424334015 0.0000167466990395
-0.0159202126909037 -0.0056069848050589 0.0011964735365466 -0.0013481527352471 0.0004613505023659 0.0000461915123890 0.0000370744002331 0.0000169814196558
-0.0164807801707760 -0.0055646825533396 0.0013893213070428 -0.0014276043892298 0.0004424975864081 0.0000635345550574 0.0000380336916548 0.0000168404648208
-0.0170427190996275 -0.0055072117990959 0.0015867602984176 -0.0015020895482856 0.0004192571893944 0.0000808740556291 0.0000384963609368 0.0000163258186547
-0.0176057932429878 -0.0054344685285785 0.0017882787645363 -0.0015711525382856 0.0003917420942255 0.0000980228005382 0.0000384449908329 0.0000154468885789
-0.0181697648504896 -0.0053463577366383 0.0019933577817552 -0.0016343632379511 0.0003600937692759 0.0001147959484654 0.0000378687970907 0.0000142200625729
-0.0187343947714410 -0.0052427935169258 0.0022014716548434 -0.0016913176153805 0.0003244809862440 0.0001310125105711 0.0000367636638724 0.0000126681843542
-0.0192994425714281 -0.0051236991466514 0.0024120883288659 -0.0017416382413588 0.0002850984039046 0.0001464967497891 0.0000351321144429 0.0000108199564341
-0.0198646666498826 -0.0049890071658554 0.0026246698067474 -0.0017849747788695 0.0002421651192877 0.0001610794989159 0.0000329832195966 0.0000087092851718
-0.0204298243585516 -0.0048386594511389 0.0028386725722391 -0.0018210044482804 0.0001959231878133 0.0001745993965757 0.0000303324474776 0.0000063745771790
-0.0209946721208078 -0.0046726072838055 0.0030535480179960 -0.0018494324676811 0.0001466361139523 0.0001869040407675 0.0000272014574465 0.0000038579995389
-0.0215589655517329 -0.0044908114123715 0.0032687428784743 -0.0018699924678797 0.0000945873139980 0.0001978510594352 0.0000236178414443 0.0000012047136304
-0.0221224595789095 -0.0042932421094055 0.0034836996673546 -0.0018824468815899 0.0000400785525609 0.0002073090976135 0.0000196148161360 -0.0000015379067712
-0.0226849085638590 -0.0040798792226538 0.0036978571191898 -0.0018865873063517 -0.0000165716455764 0.0002151587208273 0.0000152308692512 -0.0000043210650702
-0.0232460664240546 -0.0038507122204236 0.0039106506349758 -0.0018822348407708 -0.0000750296065733 0.0002212932344266 0.0000105093633894 -0.0000070953273056
-0.0238056867554482 -0.0036057402311880 0.0041215127313366 -0.0018692403936659 -0.0001349481399511 0.0002256194186252 0.0000054981010129 -0.0000098113971872
-0.0243635229554403 -0.0033449720773851 0.0043298734930180 -0.0018474849657584 -0.0001959681906005 0.0002280581790045 0.0000002488539829 -0.0000124208713125
-0.0249193283462287 -0.0030684263033871 0.0045351610283732 -0.0018168799035361 -0.0002577205086775 0.0002285451123432 -0.0000051831385525 -0.0000148769682558
-0.0254728562984671 -0.0027761311976172 0.0047368019275280 -0.0017773671249827 -0.0003198273356348 0.0002270309877862 -0.0000107397005170 -0.0000171352216968
-0.0260238603551673 -0.0024681248087932 0.0049342217229069 -0.0017289193168566 -0.0003819041046410 0.0002234821431272 -0.0000163602735399 -0.0000191541345123
-0.0265720943557758 -0.0021444549562854 0.0051268453518002 -0.0016715401032494 -0.0004435611536376 0.0002178807964376 -0.0000219824923719 -0.0000208957845595
-0.0271173125603580 -0.0018051792345746 0.0053140976206503 -0.0016052641851731 -0.0005044054492318 0.0002102252729808 -0.0000275427771509 -0.0000223263792463
-0.0276592697738213 -0.0014503650118010 0.0054954036707331 -0.0015301574509482 -0.0005640423196594 0.0002005301475875 -0.0000329769387497 -0.0000234167519526
-0.0281977214701093 -0.0010800894223996 0.0056701894449097 -0.0014463170571983 -0.0006220771949989 0.0001888263027217 -0.0000382207935726 -0.0000241427967038
-0.0287324239162985 -0.0006944393538171 0.0058378821551213 -0.0013538714802812 -0.0006781173528479 0.0001751609023651 -0.0000432107835915 -0.0000244858375010
-0.0292631342965294 -0.0002935114273132 0.0059979107502994 -0.0012529805380022 -0.0007317736676281 0.0001595972821537 -0.0000478845981774 -0.0000244329289990
-0.0297896108357039 0.0001225880271495 0.0061497063843622 -0.0011438353815002 -0.0007826623617184 0.0001422147560493 -0.0000521817935811 -0.0000239770843152
-0.0303116129228803 0.0005537430019230 0.0062927028839688 -0.0010266584572188 -0.0008304067565752 0.0001231083398562 -0.0000560444063661 -0.0000231174306219
-0.0308289012342981 0.0009998278485845 0.0064263372157003 -0.0009017034388810 -0.0008746390220230 0.0001023883922544 -0.0000594175568081 -0.0000218592881339
-0.0313412378559656 0.0014607073207274 0.0065500499523381 -0.0007692551294481 -0.0009150019218866 0.0000801801736444 -0.0000622500385237 -0.0000202141734732
-0.0318483864057395 0.0019362366226187 0.0066632857379090 -0.0006296293330485 -0.0009511505541316 0.0000566233234503 -0.0000644948904262 -0.0000181997261445
-0.0323501121548332 0.0024262614636960 0.0067654937511688 -0.0004831726968849 -0.0009827540836929 0.0000318712565519 -0.0000661099471484 -0.0000158395579452
-0.0328461821486825 0.0029306181188884 0.0068561281671923 -0.0003302625231768 -0.0010094974661657 0.0000060904793369 -0.0000670583642154 -0.0000131630273657
-0.0333363653271037 0.0034491334947276 0.0069346486167437 -0.0001713065512028 -0.0010310831605415 -0.0000205401737071 -0.0000673091141195 -0.0000102049388607
-0.0338204326436776 0.0039816252012240 0.0070005206430991 -0.0000067427095400 -0.0010472328291766 -0.0000478303822765 -0.0000668374495479 -0.0000070051700314
-0.0342981571842911 0.0045279016294720 0.0070532161559934 0.0001629611613578 -0.0010576890231891 -0.0000755792604971 -0.0000656253301118 -0.0000036082279961
-0.0347693142847727 0.0050877620349483 0.0070922138823688 0.0003373076161152 -0.0010622168514873 -0.0001035763543459 -0.0000636618088249 -0.0000000627400957
-0.0352336816475548 0.0056609966264650 0.0071169998135995 0.0005157699407167 -0.0010606056316469 -0.0001316027152167 -0.0000609433747755 0.0000035791207704
-0.0356910394572978 0.0062473866607343 0.0071270676488726 0.0006977925179255 -0.0010526705208623 -0.0001594320488791 -0.0000574742483427 0.0000072622674050
-0.0361411704954127 0.0068467045424960 0.0071219192344051 0.0008827912215966 -0.0010382541252094 -0.0001868319385934 -0.0000532666255372 0.0000109293867606
-0.0365838602534162 0.0074587139301649 0.0071010649981804 0.0010701538396163 -0.0010172280854831 -0.0002135651415654 -0.0000483408678391 0.0000145216754822
-0.0370188970450571 0.0080831698469387 0.0070640243798897 0.0012592405252052 -0.0009894946378674 -0.0002393909574444 -0.0000427256343829 0.0000179796189208
-0.0374460721171482 0.0087198187973184 0.0070103262557672 0.0014493842762345 -0.0009549881477413 -0.0002640666678810 -0.0000364579528535 0.0000212438084459
-0.0378651797590454 0.0093683988889768 0.0069395093580089 0.0016398914422491 -0.0009136766149140 -0.0002873490458588 -0.0000295832261359 0.0000242557865587
-0.0382760174107088 0.0100286399599184 0.0068511226884729 0.0018300422588067 -0.0008655631486303 -0.0003089959336830 -0.0000221551712865 0.0000269589157502
-0.0386783857692871 0.0107002637108646 0.0067447259263555 0.0020190914087549 -0.0008106874106816 -0.0003287678882224 -0.0000142356879630 0.0000292992616103
-0.0390720888941650 0.0113829838427963 0.0066198898295471 0.0022062686100265 -0.0007491270250108 -0.0003464298922080 -0.0000058946530681 0.0000312264818171
-0.0394569343104140 0.0120765061995885 0.0064761966293748 0.0023907792295005 -0.0006809989521919 -0.0003617531302687 0.0000027903611107 0.0000326947111044
-0.0398327331105883 0.0127805289156552 0.0063132404184376 0.0025718049224839 -0.0006064608272211 -0.0003745168281000 0.0000117344482406 0.0000336634356650
-0.0401993000548085 0.0134947425685403 0.0061306275312529 0.0027485042972943 -0.0005257122590599 -0.0003845101536545 0.0000208458113115 0.0000340983435399
-0.0405564536690766 0.0142188303363657 0.0059279769174298 0.0029200136044513 -0.0004389960904060 -0.0003915341786189 0.0000300262909445 0.0000339721424470
-0.0409040163417658 0.0149524681600630 0.0057049205070938 0.0030854474499255 -0.0003465996162145 -0.0003954038988471 0.0000391719807822 0.0000332653344280
-0.0412418144182313 0.0156953249103011 0.0054611035682914 0.0032438995318861 -0.0002488557594901 -0.0003959503120888 0.0000481739327303 0.0000319669346005
-0.0415696782934874 0.0164470625590228 0.0051961850561073 0.0033944434003605 -0.0001461442029241 -0.0003930225515771 0.0000569189540093 0.0000300751240251
-0.0418874425029000 0.0172073363555046 0.0049098379532352 0.0035361332391981 -0.0000388924749941 -0.0003864900736924 0.0000652904985201 0.0000275978233828
-0.0421949458108391 0.0179757950068458 0.0046017496017424 0.0036680046697076 0.0000724230108557 -0.0003762448982525 0.0000731696543210 0.0000245531750451
-0.0424920312972460 0.0187520808627912 0.0042716220257835 0.0037890755753200 0.0001872759652704 -0.0003622038996303 0.0000804362291556 0.0000209699213544
-0.0427785464420599 0.0195358301047957 0.0039191722450145 0.0038983469465993 0.0003050892815637 -0.0003443111469989 0.0000869699360903 0.0000168876651565
-0.0430543432074611 0.0203266729392256 0.0035441325784716 0.0039948037459135 0.0004252341450800 -0.0003225402920494 0.0000926516805341 0.0000123569993182
-0.0433192781178783 0.0211242337946022 0.0031462509386844 0.0040774157910472 0.0005470291945466 -0.0002968970023471 0.0000973649506331 0.0000074394911400
-0.0435732123377191 0.0219281315227766 0.0027252911157941 0.0041451386570298 0.0006697397365951 -0.0002674214385382 0.0001009973118545 0.0000022075080591
-0.0438160117467742 0.0227379796039363 0.0022810330514616 0.0041969145954190 0.0007925770145801 -0.0002341907736569 0.0001034420076397 -0.0000032561308369
-0.0440475470132549 0.0235533863553324 0.0018132731023527 0.0042316734702839 0.0009146975327875 -0.0001973217525826 0.0001045996668112 -0.0000088586920475
-0.0442676936644216 0.0243739551436175 0.0013218242929946 0.0042483337100818 0.0010352024370774 -0.0001569732898841 0.0001043801188732 -0.0000144982674378
-0.0444763321547592 0.0251992846006825 0.0008065165578052 0.0042458032746436 0.0011531369529717 -0.0001133491040763 0.0001027043179702 -0.0000200647337119
-0.0446733479316643 0.0260289688428787 0.0002671969721077 0.0042229806364285 0.0012674898821488 -0.0000667003864161 0.0000995063760963 -0.0000254409454742
-0.0448586314986012 0.0268625976935083 -0.0002962700280582 0.0041787557752263 0.0013771931582337 -0.0000173285023100 0.0000947357063952 -0.0000305041788137
-0.0450320784756938 0.0276997569084649 -0.0008840024374979 0.0041120111854457 0.0014811214627840 0.0000344122766724 0.0000883592765187 -0.0000351278401223
-0.0451935896577150 0.0285400284049066 -0.0014961004849714 0.0040216228951282 0.0015780919022790 0.0000881120121214 0.0000803639724148 -0.0000391834569443
-0.0453430710694402 0.0293829904928371 -0.0021326464480053 0.0039064614957950 0.0016668637468755 0.0001433023114165 0.0000707590726185 -0.0000425429664003
-0.0454804340183338 0.0302282181094741 -0.0027937044795640 0.0037653931822530 0.0017461382316528 0.0001994535157316 0.0000595788330951 -0.0000450813179748
-0.0456055951445340 0.0310752830562785 -0.0034793204467223 0.0035972808014330 0.0018145584210603 0.0002559718654212 0.0000468851816909 -0.0000466794062858
-0.0457184764681096 0.0319237542385199 -0.0041895217814759 0.0034009849093582 0.0018707091371135 0.0003121966447940 0.0000327705230384 -0.0000472273511989
-0.0458190054335567 0.0327731979072491 -0.0049243173438201 0.0031753648352995 0.0019131169519991 0.0003673973083826 0.0000173606517373 -0.0000466281400994
-0.0459071149515133 0.0336231779035496 -0.0056836972972159 0.0029192797521920 0.0019402502455422 0.0004207705907519 0.0000008177743971 -0.0000448016508665
-0.0459827434376609 0.0344732559049365 -0.0064676329965513 0.0026315897523540 0.0019505193280540 0.0004714376019366 -0.0000166563612759 -0.0000416890694538
-0.0460458348487930 0.0353229916737732 -0.0072760768887070 0.0023111569275513 0.0019422766289385 0.0005184409105522 -0.0000348172307128 -0.0000372577212505
-0.0460963387160274 0.0361719433075697 -0.0081089624258153 0.0019568464524461 0.0019138169514494 0.0005607416167573 -0.0000533741920821 -0.0000315063302207
-0.0461342101751404 0.0370196674910324 -0.0089662039913016 0.0015675276704544 0.0018633777939055 0.0005972164171335 -0.0000719870419776 -0.0000244707226655
-0.0461594099940046 0.0378657197497281 -0.0098476968387842 0.0011420751810253 0.0017891397376054 0.0006266546635420 -0.0000902624692189 -0.0000162299931748
-0.0461719045971126 0.0387096547052263 -0.0107533170438985 0.0006793699273712 0.0016892269016650 0.0006477554181834 -0.0001077504082406 -0.0000069131466085
-0.0461716660871706 0.0395510263315833 -0.0116829214691075 0.0001783002836426 0.0015617074649218 0.0006591245068914 -0.0001239402942477 0.0000032937664419
-0.0461586722637462 0.0403893882130325 -0.0126363477415486 -0.0003622368594371 0.0014045942549775 0.0006592715728299 -0.0001382572220005 0.0000141400055377
-0.0461329066389598 0.0412242938027391 -0.0136134142439568 -0.0009433350114794 0.0012158454044696 0.0006466071327029 -0.0001500580107201 0.0000253019722037
-0.0460943584502064 0.0420552966824817 -0.0146139201186961 -0.0015660770028760 0.0009933650745018 0.0006194396376800 -0.0001586271772747 0.0000363745025828
-0.0460430226698976 0.0428819508231239 -0.0156376452849237 -0.0022315339097992 0.0007350042451877 0.0005759725409359 -0.0001631728202746 0.0000468616049911
-0.0459789000122194 0.0437038108457310 -0.0166843504689011 -0.0029407639847378 0.0004385615731905 0.0005143013742943 -0.0001628224180903 0.0000561666281961
-0.0459019969368941 0.0445204322831953 -0.0177537772474556 -0.0036948115935940 0.0001017843160612 0.0004324108357426 -0.0001566185434876 0.0000635818469800
-0.0458123256499464 0.0453313718422278 -0.0188456481045894 -0.0044947061603279 -0.0002776306768638 0.0003281718901782 -0.0001435144977546 0.0000682774480544
-0.0457099041014665 0.0461361876655753 -0.0199596665012218 -0.0053414611201647 -0.0007020359072883 0.0001993388853619 -0.0001223698679734 0.0000692899060798
-0.0455947559803725 0.0469344395943214 -0.0210955169580428 -0.0062360728823484 -0.0011738321048413 0.0000435466852926 -0.0000919460106436 0.0000655097329587
-0.0454669107061673 0.0477256894301308 -0.0222528651514465 -0.0071795198034513 -0.0016954670384851 -0.0001416921769863 -0.0000509014648488 0.0000556685900784
-0.0453264034176985 0.0485095011972954 -0.0234313580225021 -0.0081727611722245 -0.0022694342628032 -0.0003589903250181 0.0000022127005922 0.0000383257486413
-0.0451732749589154 0.0492854414044410 -0.0246306238989156 -0.0092167362069744 -0.0028982717997879 -0.0006110883408880 0.0000689576027654 0.0000118538873057
-0.0450075718616399 0.0500530793057522 -0.0258502726299202 -0.0103123630664531 -0.0035845607566341 -0.0009008575414676 0.0001510113190277 -0.0000255757844678
-0.0448293463253443 0.0508119871615768 -0.0270898957340259 -0.0114605378752309 -0.0043309238801748 -0.0012313027269010 0.0002501737156204 -0.0000760090907983
-0.0446386561939578 0.0515617404982675 -0.0283490665595584 -0.0126621337645231 -0.0051400240486503 -0.0016055648992347 0.0003683713264357 -0.0001417251490760
