-0.0000000462798668 0.0000000013736166 0.0000000063403641 0.0000000013357182 0.0000003743809654 0.0000000806381681 -0.0000012699580132 -0.0004064986321859
-0.0003408614127226 -0.0001627719374512 0.0001196123148616 -0.0000487808132766 0.0000085094036521 0.0000110880228628 -0.0008204832872152 -0.0006738479408129
-0.0003104315132496 0.0002203627577196 -0.0000841947928313 0.0000121599640545 0.0000179691700890 -0.0012418625903230 -0.0009986412379185 -0.0004430835280232
0.0003031259292049 -0.0001072144420940 0.0000118377831454 0.0000204568884784 -0.0016704946715976 -0.0013149281701911 -0.0005608551606185 0.0003687763927234
-0.0001191320584889 0.0000082853974960 0.0000195133176996 -0.0021062334953322 -0.0016223996525838 -0.0006638895071727 0.0004181889903920 -0.0001211854125439
0.0000021843336301 0.0000159871247443 -0.0025489289121252 -0.0019207508568782 -0.0007523454491208 0.0004522378273402 -0.0001145578616745 -0.0000058429331910
0.0000106210728229 -0.0029984267135625 -0.0022096814176919 -0.0008263975098566 0.0004717952609262 -0.0001003785173718 -0.0000152309818200 0.0000040593618174
-0.0034545686894683 -0.0024888956363278 -0.0008862357001418 0.0004777308956091 -0.0000797224655633 -0.0000254694136050 -0.0000031452617941 -0.0039171926876912
-0.0027581026823333 -0.0009320653523522 0.0004709105842784 -0.0000536110398111 -0.0000361007899894 -0.0000105246284337 -0.0043861326763997 -0.0030170167926357
-0.0009641069436719 0.0004521954367973 -0.0000230121469903 -0.0000467185430957 -0.0000176885042185 -0.0048612188088552 -0.0032653574681214 -0.0009825959083470
0.0004224408365211 0.0000111593549372 -0.0000569648630737 -0.0000243181872172 -0.0053422774906360 -0.0035028496675325 -0.0009877824391134 0.0003824954655608
0.0000480412275160 -0.0000665285659338 -0.0000301603423059 -0.0058291314492745 -0.0037292239985471 -0.0009799312779286 0.0003332003395278 0.0000868233712414
-0.0000751429456336 -0.0000350210761073 -0.0063215998062747 -0.0039442169059201 -0.0009593214961409 0.0002753878525190 0.0001267472943598 -0.0000825836141534
-0.0000387602526110 -0.0068194981514768 -0.0041475708565582 -0.0009262462642345 0.0002098808330677 0.0001671055316244 -0.0000886663331962 -0.0000412860500930
-0.0073226386197258 -0.0043390345214042 -0.0008810126112973 0.0001374916117982 0.0002072410135883 -0.0000932448413375 -0.0000425497593323 -0.0078308299698111
-0.0045183629540114 -0.0008239411743687 0.0000590211014977 0.0002465463871033 -0.0000962086801761 -0.0000425408231746 -0.0083438776656325 -0.0046853177656843
-0.0007553659378235 -0.0000247421096750 0.0002844632876967 -0.0000974810231446 -0.0000412821166976 -0.0088615839595515 -0.0048396672970723 -0.0006756339629639
-0.0001130226511484 0.0003204815645570 -0.0000970165106490 -0.0000388254672570 -0.0093837479778860 -0.0049811867860961 -0.0005851051079894 -0.0002050592483725
0.0003541384589157 -0.0000947990950558 -0.0000352474133669 -0.0099101658085017 -0.0051096585320962 -0.0004841517385275 -0.0003001055860390 0.0003850177365912
-0.0000908398990567 -0.0000306452006514 -0.0104406305904550 -0.0052248720560900 -0.0003731584289121 -0.0003974311554261 0.0004127487755739 -0.0000851750909316
-0.0000251330134315 -0.0109749326056404 -0.0053266242570290 -0.0002525216543992 -0.0004963220852040 0.0004370056095005 -0.0000778637801506 -0.0000188384394696
-0.0115128593723908 -0.0054147195639487 -0.0001226494745234 -0.0005960819550520 0.0004575059279603 -0.0000689859366771 -0.0000118991658543 -0.0120541957409847
-0.0054889700839069 0.0000160387922038 -0.0006960325914576 0.0004740100345470 -0.0000586403373672 -0.0000044599030442 -0.0125987239910053 -0.0055491957456082
0.0001631129020401 -0.0007955148450698 0.0004863197636822 -0.0000469425427288 0.0000033304659310 -0.0131462239304997 -0.0055952244386153 0.0003181320279901
-0.0008938893490010 0.0004942773572019 -0.0000340229072444 0.0000113215141193 -0.0136964729968857 -0.0056268921480491 0.0004806451097878 -0.0009905372574855
0.0004977643017495 -0.0000200246265117 0.0000193636811758 -0.0142492463595495 -0.0056440430846844 0.0006501912116613 -0.0010848609643031 0.0004967001280945
-0.0000051018241534 0.0000273104692291 -0.0148043170240777 -0.0056465298103507 0.0008262998876433 -0.0011762848004159 0.0004910411734507 0.0000105823182655
0.0000350204284551 -0.0153614559380685 -0.0056342133585457 0.0010084915541918 -0.0012642557102518 0.0004807793079681 0.0000268573855740 0.0000423589366832
-0.0159204320984611 -0.0056069633501802 0.0011962778698761 -0.0013482439061143 0.0004659406265599 0.0000435475044970 0.0000491997778365 -0.0164810126603255
-0.0055646581043666 0.0013891621218834 -0.0014277435001845 0.0004465841072778 0.0000604730676377 0.0000554265237515 -0.0170429630470501 -0.0055071847441773
0.0015866396190899 -0.0015022731136209 0.0004228002374522 0.0000774524031658 0.0000609337252043 -0.0176060470618696 -0.0054344392972883 0.0017881980914408
-0.0015713764622620 0.0003947096088706 0.0000943033875700 0.0000656279167877 -0.0181700270006650 -0.0053463267914406 0.0019933180953807 -0.0016346229184708
0.0003624614832778 0.0001108449988831 0.0000694284419402 -0.0187346637659785 -0.0052427613446461 0.0022014734250635 -0.0016916080486575 0.0003262323294930
0.0001268988079539 0.0000722681036872 -0.0192997169821735 -0.0051236662500691 0.0024121315290773 -0.0017419541260496 0.0002862243334995 0.0001422904053121
0.0000740936472028 -0.0198649451116797 -0.0049889740555221 0.0026247539324067 -0.0017853106182905 0.0002426638828413 0.0001568507614467 0.0000748660805985
-0.0204301055722524 -0.0048386266375121 0.0028387966633578 -0.0018213546494713 0.0001958000267147 0.0001704175181171 0.0000745608403994 -0.0209949548551844
-0.0046725752697816 0.0030537106851649 -0.0018497914362042 0.0001459029131622 0.0001828362087848 0.0000731678083921 -0.0215592486443994 -0.0044907806862884
0.0032689423319942 -0.0018703546973837 0.0000932622047727 0.0001939614060484 0.0000706911868329 -0.0221227419363606 -0.0042932131385742 0.0034839337490569
-0.0018828070372908 0.0000381854743264 0.0002036577942063 0.0000671492390573 -0.0226851891607266 -0.0040798524474741 0.0036981233365426 -0.0018869403017105
-0.0000190034181409 0.0002118011651718 0.0000625739025441 -0.0232463443016829 -0.0038506880491225 0.0039109461970791 -0.0018825759067674 -0.0000779659654194
0.0002182793359783 0.0000570102822498 -0.0238059610198831 -0.0036057190352164 0.0041218345864231 -0.0018695651401805 -0.0001383506688240 0.0002229929864046
0.0000505160313520 -0.0243637927749250 -0.0033449541874962 0.0043302183670842 -0.0018477894346899 -0.0001997947080452 0.0002258564151008 0.0000431606273989
-0.0249195929482956 -0.0030684120064124 0.0045355254645808 -0.0018171606133925 -0.0002619256236193 0.0002267982129778 0.0000350245515136 -0.0254731149667097
-0.0027761207339498 0.0047371823260263 -0.0017776211067744 -0.0003243630105012 0.0002257618524905 0.0000261983787124 -0.0260241124257743 -0.0024681183705777
0.0049346143807415 -0.0017291441412349 -0.0003867202211976 0.0002227061917481 0.0000167817874254 -0.0265723392139042 -0.0021444526863100 0.0051272465025861
-0.0016717338989092 -0.0004486060769217 0.0002176058923717 0.0000068824963135 -0.0271175496364183 -0.0018051812258500 0.0053145034737034 -0.0016054256486421
-0.0005096265852152 0.0002104517502066 -0.0000033848632671 -0.0276594985397435 -0.0014503713078098 0.0054958104493685 -0.0015302858479575 -0.0005693866624742
0.0002012509380811 -0.0000138999308217 -0.0281979414356547 -0.0010801000179870 0.0056705934236302 -0.0014464122159122 -0.0006274918598165 0.0001900271599082
-0.0000245378478278 -0.0287326346254767 -0.0006944541966978 0.0058382796954365 -0.0013539337767301 -0.0006835500907218 0.0001768207156367 -0.0000351705279997
-0.0292633353241766 -0.0002935304201532 0.0059982983349322 -0.0012530108741448 -0.0007371733588624 0.0001616884764527 -0.0000456679579200 -0.0297898017842732
0.0001225650241136 0.0061500806496163 -0.0011438351563846 -0.0007879794845614 0.0001447037700759 -0.0000558995197284 -0.0303117934194910 0.0005537161677710
0.0062930606500479 -0.0010266295317742 -0.0008355938282919 0.0001259561758297 -0.0000657353269685 -0.0308290709280849 0.0009997973981564 0.0064266755147870
-0.0009016480949336 -0.0008796510096452 0.0001055512294180 -0.0000750475650755 -0.0313413964157644 0.0014606735006741 0.0065503660542608 -0.0007691760235861
-0.0009197966201949 0.0000836100374442 -0.0000837118277515 -0.0318485335181436 0.0019361997071136 0.0066635771732397 -0.0006295294459976 -0.0009556889286812
0.0000602688018371 -0.0000916084405776 -0.0323502475226443 0.0024262217498669 0.0067657583316161 -0.0004830552791131 -0.0009870005769526 0.0000356782544069
-0.0000986237631391 -0.0328463054897812 0.0029305759220244 0.0068563640031722 -0.0003301310374409 -0.0010134202650995 0.0000100030019711 -0.0001046514610273
-0.0333364763737555 0.0034490891433244 0.0069348541320288 -0.0001711646128000 -0.0010346544242262 -0.0000165792174658 -0.0001095937390405 -0.0338205311422872
0.0039815790319282 0.0070006945864657 -0.0000065940250303 -0.0010504288753121 -0.0000438783668613 -0.0001133625270067 -0.0342982428956120 0.0045278539819854
0.0070533576098080 0.0001631128561870 -0.0010604904726253 -0.0000716930298406 -0.0001158806096334 -0.0347693869845743 0.0050877132469549 0.0070923222680702
0.0003374586182500 -0.0010646087301579 -0.0000998114171060 -0.0001170826918765 -0.0352337411277451 0.0056609470286430 0.0071170748940568 0.0005159166411105
-0.0010625774295674 -0.0001280124585466 -0.0001169163913964 -0.0356910855274927 0.0062473365719114 0.0071271095276152 0.0006979314611082 -0.0010542162081189
-0.0001560669799989 -0.0001153431497416 -0.0361412029849400 0.0068466542650116 0.0071219283517422 0.0008829191629374 -0.0010393721251398 -0.0001837389633721
-0.0001123390539195 -0.0365838790137366 0.0074586637454937 0.0071010421242456 0.0010702677995110 -0.0010179212055073 -0.0002107868888373 -0.0001078955602391
-0.0370189019525779 0.0080831200116334 0.0070639706046672 0.0012593378394541 -0.0009897699587134 -0.0002369651576587 -0.0001020201122628 -0.0374460630764047
0.0087197695393233 0.0070102429761721 0.0014494626419448 -0.0009548568720621 -0.0002620255940539 -0.0000947366449681 -0.0378651567062140 0.0093683504043649
0.0069393982621173 0.0016399489586002 -0.0009131538765787 -0.0002857190244149 -0.0000860859672413 -0.0382759803174171 0.0100285924100949 0.0068509857370117
0.0018300774620804 -0.0008646677842246 -0.0003077969321712 -0.0000761260149404 -0.0386783346466763 0.0107002172202828 0.0067445653315844 0.0020191033010727
-0.0008094416950351 -0.0003280131863239 -0.0000649319670963 -0.0390720237971595 0.0113829384972233 0.0066197080316812 0.0022062566812831 -0.0007475563728169
-0.0003461258416823 -0.0000525962176563 -0.0394568553421436 0.0120764620449524 0.0064759962707135 0.0023907434720636 -0.0006791315880771 -0.0003618990086868
-0.0000392281956214 -0.0398326404269088 0.0127804859575057 0.0063130243153867 0.0025717458382619 -0.0006043274268527 -0.0003751047906195 -0.0000249540265091
-0.0401991938688581 0.0134947007721409 0.0061303986444401 0.0027484228968792 -0.0005233455641652 -0.0003855252859187 -0.0000099160282293 -0.0405563342558020
0.0142187896274385 0.0059277383201326 0.0029199113980956 -0.0004364305008313 -0.0003929546530474 0.0000057279655144 -0.0409038840423484 0.0149524284261930
0.0057046753522162 0.0030853264301955 -0.0003438707623995 -0.0003972012356344 0.0000218054604730 -0.0412416696443384 0.0156952860030033 0.0054608550541399
0.0032437621479360 -0.0002460000589961 -0.0003980897450286 0.0000381303424835 -0.0415695215312701 0.0164470242964708 0.0051959363912338 0.0033942925238391
-0.0001431984049092 -0.0003954634977609 0.0000545041091546 -0.0418872743166535 0.0172072985259058 0.0049095923206279 0.0035359721219125 -0.0000358931967604
-0.0003891867050165 0.0000707172988452 -0.0421947668462396 0.0179757573724443 0.0046015101226632 0.0036678368932682 0.0000754397508474 -0.0003791468112495
0.0000865511224151 -0.0424918422840715 0.0187520431644710 0.0042713917235599 0.0037889049930852 0.0001902752133061 -0.0003652568790187 0.0001017793030631
-0.0427783481963020 0.0195357920672464 0.0039189540091127 0.0038981776183572 0.0003080376086325 -0.0003474580169113 0.0001161701297715 -0.0430541366327264
0.0203266342766245 0.0035439291291861 0.0039946398658555 0.0004281000957964 -0.0003257218474861 0.0001294887287241 -0.0433190642059806 0.0211241942167565
0.0031460647927927 0.0040772616096918 0.0005497837197001 -0.0003000530120115 0.0001414995579794 -0.0435729921683522 0.0219280907416616 0.0027251245535369
0.0041449983978980 0.0006723566037834 -0.0002704917086981 0.0001519691292925 -0.0438157864861613 0.0227379373405529 0.0022808880852210 0.0041967923673746
0.0007950331911554 -0.0002371162610377 0.0001606689613260 -0.0440473179116594 0.0235533423467979 0.0018131514474072 0.0042315731765817 0.0009169735351317
-0.0002000457128722 0.0001673787683082 -0.0442674620524037 0.0243739091503928 0.0013217273407415 0.0042482589553176 0.0010372826399893 -0.0001594424466991
0.0001718898875167 -0.0444760994380624 0.0251992364138285 0.0008064453518514 0.0042457572709158 0.0011550098527925 -0.0001155148215441 0.0001740089485373
-0.0446731155846093 0.0260289182912218 0.0002671521876305 0.0042229661101776 0.0012691483069753 -0.0000685198269689 0.0001735617880794 -0.0448584010558658
0.0268625446505838 -0.0002962881012610 0.0041787748763585 0.0013786344184819 -0.0000187657493376 0.0001703976119893 -0.0450318515223514 0.0276997012990980
-0.0008839939078553 0.0041120654004891 0.0014823474350492 0.0000333851532482 0.0001643934077336 -0.0451933678174046 0.0285399702112734 -0.0014960658674558
0.0040217129663269 0.0015791090393702 0.0000875139711882 0.0001554586086260 -0.0453428559905393 0.0293829297598389 -0.0021325866674920 0.0039065873481978
0.0016676830066413 0.0001431424625991 0.0001435400121224 -0.0454802273580010 0.0302281549492479 -0.0027936208687998 0.0037655538610025 0.0017467749171162
0.0001997303754116 0.0001286269532281 -0.0456053985504887 0.0310752176516486 -0.0034792147384707 0.0035974744216262 0.0018150319241292 0.0002566727762083
0.0001107567341117 -0.0457182915580153 0.0319236868451874 -0.0041893960944025 0.0034012086209982 0.0018710425780901 0.0003132973897901 0.0000900203108361
-0.0458188337718702 0.0327731288544988 -0.0049241741616815 0.0031756148060356 0.0019133367068447 0.0003688619534306 0.0000665682374492 -0.0459069580236650
0.0336231075932453 -0.0056835394409160 0.0029195511706887 0.0019403853527969 0.0004225515898428 0.0000406168676181 -0.0459826026214273 0.0344731848085580
-0.0064674635886308 0.0026318768553040 0.0019506007671309 0.0004734762028376 0.0000124548133621 -0.0460457113827229 0.0353229203272368 -0.0072758993098343
0.0023114530535155 0.0019423364613977 0.0005206678998054 -0.0000175503393910 -0.0460962336647847 0.0361718723035616 -0.0081087802628492 0.0019571441258589
0.0019138873167421 0.0005630784450365 -0.0000489450598506 -0.0461341243916223 0.0370195974685679 -0.0089660209765020 0.0015678187193045 0.0018634897509501
0.0005995767479424 -0.0000811826469981 -0.0461593440780998 0.0378656513806368 -0.0098475167797504 0.0011423508918963 0.0017893219434561 0.0006289463903344
-0.0001136157512673 -0.0461718588509570 0.0387095886772513 -0.0107531437438246 0.0006796212416791 0.0016895041184691 0.0006498831968410 -0.0001454886461226
-0.0461716404667650 0.0395509633277675 -0.0116827586369481 0.0001785180390859 0.0015620988861976 0.0006609928524716 -0.0001759292507386 -0.0461586663267990
0.0403893288870477 -0.0126361988916983 -0.0003620616380350 0.0014051116422678 0.0006607885715807 -0.0002039409073388 -0.0461329194888155 0.0412242387498069
-0.0136132825850563 -0.0009432107675913 0.0012164910252445 0.0006476888221724 -0.0002283939160562 -0.0460943886757273 0.0420552464055153 -0.0146138084311894
-0.0015660112454476 0.0009941294322102 0.0006200151097302 -0.0002480168305608 -0.0460430682811642 0.0428819056937065 -0.0156375557870002 -0.0022315327474945
0.0007358635922487 0.0005759898245474 -0.0002613875183012 -0.0459789583719161 0.0437037710595371 -0.0166842846704696 -0.0029408315924260 0.0004394751976957
0.0005137341567244 -0.0002669239895198 -0.0459020646872506 0.0445203978094423 -0.0177537357918140 -0.0036949496060656 0.0001026915928939 0.0004312660826910
-0.0002628749997614 -0.0458123986351073 0.0453313423667334 -0.0188456305974634 -0.0044949129880832 -0.0002768134797776 0.0003264984274165 -0.0002473104299667
-0.0457099772851609 0.0461361625269835 -0.0199596713268675 -0.0053417311819457 -0.0007014190769245 0.0001972370061572 -0.0002181114504038 -0.0455948233587620
0.0469344177130457 -0.0210955410821176 -0.0062363957489444 -0.0011735561945711 0.0000411788497375 -0.0001729604727344 -0.0454669652157517 0.0477256692295491
-0.0222529039103804 -0.0071798792471375 -0.0016957068524211 -0.0001440894827872 -0.0001093308974050 -0.0453264368381601 0.0485094805167190 -0.0234314048991106
-0.0081731341160538 -0.0022704031223578 -0.0003610935002008 -0.0000244766613032 -0.0451732778107906 0.0492854174033642 -0.0246306702840208 -0.0092170915679867
-0.0029002261017450 -0.0006124722801271 0.0000845784067896 -0.0450075332987020 0.0500530483588821 -0.0258503075697665 -0.0103126604867226 -0.0035878048320064
-0.0009009798712549 0.0002210514166531 -0.0448292540215979 0.0508119447441223 -0.0270899056632993 -0.0114607263345326 -0.0043358151630909 -0.0012294865930139
0.0003884114251760 -0.0446384962251348 0.0515616810609605 -0.0283490350198390 -0.0126621500682547 -0.0051469785645203 -0.0016009802291223 0.0005903906164066
