-0.0000000000000026 0.0000000000000068 0.0000000000000002 -0.0000000000000518 -0.0000000000000045 0.0000000000004587 0.0000000000000018 -0.0000000000210943 -0.0000000000010692 0.0000000001668009 -0.0000000000550720 0.0000000075941055
-0.0146008730014493 -0.0085589090592022 -0.0015535810267967 0.0020758820245328 0.0003655060964852 0.0000950707120726 -0.0000477220187135 0.0000038449061294 -0.0000017914499387 0.0000004996639464 -0.0000000177742943 0.0000000432399927
-0.0053341936834044 0.0023210626716440 -0.0010510499524493 -0.0006936387488108 0.0000073427685780 -0.0000611789752660 -0.0000112130313449 0.0000016735138211 -0.0000008542332246 -0.0000000497194468 0.0000000283066448 -0.0000000141649045
-0.0157641630933780 -0.0197082503622478 0.0100583914260519 -0.0024868165547476 -0.0001657718861024 -0.0001354693260937 0.0000723839607051 -0.0000210987050991 -0.0000044937719606 0.0000007168939875 -0.0000000708286734 0.0000000226582837
-0.0110930259876468 -0.0013000433019352 -0.0035208237683820 0.0004340777738611 -0.0004181989317629 0.0000620226669156 0.0000274645620632 -0.0000044702381347 0.0000012898061745 -0.0000002423114052 -0.0000000433396022 0.0000000011340460
-0.0007877659544729 0.0007417534890300 0.0001978730669795 -0.0000415551467169 0.0000407282726148 0.0000117514549918 0.0000012990342118 -0.0000002454321416 0.0000001457900441 0.0000000318451036 0.0000000025472936 -0.0000000271946079
-0.0150651131287606 -0.0103723306574265 -0.0003584525800979 0.0020730036464668 0.0006032429786964 0.0000103453152297 -0.0000459998015376 0.0000100367089765 -0.0000001118188111 0.0000004648528950 -0.0000000939148783 0.0000000210414593
-0.0063447765604156 0.0021507350881628 -0.0015648469034188 -0.0007068214496529 -0.0000855839905359 -0.0000758997678189 -0.0000042603855873 0.0000038667036132 -0.0000006798332535 0.0000000925884258 0.0000000372285752 -0.0000000255765900
-0.0155671784880353 -0.0215556406411918 0.0131261963811336 -0.0047552417954931 -0.0012629439029082 0.0002604506045874 -0.0000374983605261 0.0000012471245741 -0.0000014701029932 0.0000006347844200 -0.0000001831916780 -0.0000001030737844
-0.0119526997083340 -0.0025188517018553 -0.0035615615340722 0.0008452108495774 -0.0003628102438605 0.0001107276681486 0.0000172020344098 -0.0000075983781936 0.0000003525784296 -0.0000003577945486 0.0000000101867950 -0.0000000266953103
-0.0016360308994946 0.0013592722018480 0.0002086872609486 -0.0001637568971506 0.0000856011625372 0.0000143743841317 -0.0000015198078243 -0.0000012990661916 0.0000002774922326 0.0000000158432905 -0.0000000074431217 -0.0000000155303120
-0.0154258435307861 -0.0122506175153943 0.0011492002904726 0.0018310466578720 0.0007913010936706 -0.0000987022015052 -0.0000269740519970 0.0000129233096667 0.0000020189463506 0.0000000707409557 -0.0000000997411920 -0.0000000300231350
-0.0073574223033780 0.0017971373443108 -0.0020882484295554 -0.0006349652295619 -0.0001906017667739 -0.0000766691364157 0.0000060658802390 0.0000051110098393 -0.0000001002707431 0.0000002164216002 0.0000000199791296 -0.0000000119953374
0.0018670069004504 -0.0026681985966574 -0.0017639603345398 -0.0007487693130222 0.0002456137626440 0.0000680658649782 0.0000171250340634 0.0000041609735191 -0.0000009077873842 -0.0000001924517816 -0.0000000373263020 0.0000000673699124
-0.0127489398386492 -0.0038908963132387 -0.0034006981788661 0.0012582972087500 -0.0002457041787511 0.0001467857851486 0.0000003569067516 -0.0000086339698085 -0.0000009172943917 -0.0000002916243535 0.0000000663270926 -0.0000000325837709
-0.0025364783422778 0.0018371978575791 0.0000551587688930 -0.0003250292248635 0.0001123696387337 0.0000043921694857 -0.0000068096135333 -0.0000020871806540 0.0000001418577358 -0.0000000585348730 -0.0000000182211126 0.0000000156681421
-0.0156777941736054 -0.0141706469941267 0.0029788788126047 0.0012901155849210 0.0008731523613761 -0.0002101318857533 0.0000087389512565 0.0000096146398936 0.0000033683190806 -0.0000005096288231 -0.0000000000139712 -0.0000000537121277
-0.0083607273479654 0.0012587551874899 -0.0025842296352493 -0.0004731739713468 -0.0002921453540904 -0.0000606322722079 0.0000172622888534 0.0000047238599575 0.0000006909349975 0.0000002442998964 -0.0000000174626118 0.0000000148194531
0.0012912680456270 -0.0016688115358917 -0.0009393169740919 -0.0002993058874149 0.0000561804682376 0.0000019994651264 -0.0000030331553460 -0.0000014435546089 0.0000004221405684 0.0000000978835295 0.0000000179034578 -0.0000000212548326
-0.0134719118658070 -0.0054021143801581 -0.0030081728505163 0.0016339673999431 -0.0000703758352513 0.0001597637684709 -0.0000197759406423 -0.0000067284468268 -0.0000020165621657 -0.0000000398674278 0.0000000879045261 -0.0000000084135030
-0.0034799806004474 0.0021621042273784 -0.0002362962020926 -0.0004882400216292 0.0001082303708297 -0.0000159571655657 -0.0000116748907048 -0.0000018051627865 -0.0000002485366809 -0.0000001291767163 -0.0000000137576354 0.0000000266789061
-0.0158168905404096 -0.0161082179544936 0.0051347749210249 0.0003893321802959 0.0007796092855885 -0.0002873736234151 0.0000525769542428 -0.0000008886635173 0.0000025259546300 -0.0000008142401985 0.0000001406205867 -0.0000000027875751
-0.0093432130497158 0.0005368044134204 -0.0030153727078686 -0.0002244066165440 -0.0003735542016983 -0.0000281299561321 0.0000262393565323 0.0000025324197315 0.0000013700703898 0.0000001418836895 -0.0000000540044380 0.0000000321610849
0.0006364244183825 -0.0007409083297237 -0.0003431532494176 -0.0000656618318196 -0.0000069445123379 -0.0000089017202804 -0.0000033253353385 -0.0000008231953298 0.0000001276428527 0.0000000091738956 -0.0000000019774952 0.0000000383234533
-0.0141125084322606 -0.0070361536703519 -0.0023572198161415 0.0019268346680573 0.0001508164569883 0.0001411450172054 -0.0000380685641840 -0.0000019023874645 -0.0000023829836215 0.0000002920681037 0.0000000520178309 0.0000000281498076
-0.0044567046695111 0.0023227094694492 -0.0006360183702732 -0.0006215949958040 0.0000688527861729 -0.0000409790664657 -0.0000134505443466 -0.0000002958547332 -0.0000006723952113 -0.0000001279442513 0.0000000073829136 0.0000000089441045
-0.0158403113351935 -0.0180383630069339 0.0076155616493959 -0.0009318959921782 0.0004288909049428 -0.0002763579326619 0.0000840032022780 -0.0000149880575799 -0.0000010043398048 -0.0000003158499383 0.0000001446464699 0.0000000707684079
-0.0102934672777568 -0.0003647536579771 -0.0033445202360983 0.0001004488498844 -0.0004188799610505 0.0000171124541090 0.0000300486520931 -0.0000010160802619 0.0000016074252299 -0.0000000582004841 -0.0000000651371725 0.0000000248557030
-0.0000920275948062 0.0000959915854585 0.0000346154391274 0.0000007334806208 0.0000037336157810 0.0000016130185027 0.0000003649960202 0.0000000405887873 0.0000000058494862 0.0000000037322707 0.0000000007287561 0.0000000021665647
-0.0146624668277961 -0.0087745678695960 -0.0014248956781131 0.0020863169060586 0.0003953896032384 0.0000865289486861 -0.0000483290515946 0.0000046652284967 -0.0000016390517415 0.0000005136598193 -0.0000000283781209 0.0000000433347363
-0.0054562279671855 0.0023100601163050 -0.0011116158909995 -0.0006994188182208 -0.0000028193806094 -0.0000635450925186 -0.0000106075305979 0.0000019593479846 -0.0000008564528919 -0.0000000343185474 0.0000000305437553 -0.0000000167839743
-0.0157465309670739 -0.0199356738461002 0.0104142637629939 -0.0027325705027996 -0.0002729879058158 -0.0001027434552186 0.0000657916770211 -0.0000206377489472 -0.0000047478174115 0.0000008473324498 -0.0000001096509964 0.0000000035227422
-0.0112002862190496 -0.0014392343422806 -0.0035354304182852 0.0004826627052516 -0.0004147016537197 0.0000682432289603 0.0000266305192843 -0.0000049195222496 0.0000012059142946 -0.0000002636124761 -0.0000000381176463 -0.0000000026595876
-0.0008875418890146 0.0008235602033358 0.0002087332490363 -0.0000529386783375 0.0000464834289735 0.0000126911958943 0.0000011656056658 -0.0000003502369362 0.0000001696652755 0.0000000336147701 0.0000000019623263 -0.0000000282332261
-0.0151144766881231 -0.0105970421046670 -0.0001925544346597 0.0020575816617922 0.0006296967595404 -0.0000018952440680 -0.0000446577278937 0.0000106269282621 0.0000001420698670 0.0000004355568803 -0.0000000996526868 0.0000000155746160
-0.0064676625275887 0.0021176840527137 -0.0016285209546949 -0.0007028097506487 -0.0000979620103310 -0.0000768203891910 -0.0000031473642080 0.0000040853073334 -0.0000006290274505 0.0000001103168142 0.0000000365885720 -0.0000000252416219
-0.0155353462183586 -0.0217746354156527 0.0135182113795683 -0.0050687818391137 -0.0014314990000486 0.0003306719529595 -0.0000613260186084 0.0000078130782011 0.0000001110920537 0.0000002958244542 -0.0000001187010831 -0.0000000822284793
-0.0120528145881036 -0.0026772893072181 -0.0035534243807088 0.0008959117897483 -0.0003519060932989 0.0001159878370323 0.0000154642502766 -0.0000078582552162 0.0000002079358340 -0.0000003604771897 0.0000000175911933 -0.0000000290181506
-0.0017425933875027 0.0014249368405724 0.0001983353037090 -0.0001820124005957 0.0000901507371666 0.0000138351794449 -0.0000020824859549 -0.0000014297014212 0.0000002776253561 0.0000000091427401 -0.0000000090806334 -0.0000000118676956
-0.0154622764912526 -0.0124816457538625 0.0013537371060818 0.0017825996621514 0.0008081408191642 -0.0001126645183197 -0.0000234517062253 0.0000128985219370 0.0000022534143938 0.0000000035869062 -0.0000000931421198 -0.0000000356773404
-0.0074797861028525 0.0017417102308730 -0.0021505842994071 -0.0006201560433371 -0.0002034262562704 -0.0000756448229807 0.0000074356989138 0.0000051599415395 -0.0000000099762682 0.0000002261438975 0.0000000162026237 -0.0000000090164691
0.0018015768759750 -0.0025439022672250 -0.0016515912996238 -0.0006811491036689 0.0002139096334177 0.0000556352825514 0.0000128057068973 0.0000027824355775 -0.0000005231954778 -0.0000000924518022 -0.0000000142167756 0.0000000114474204
-0.0128406824500463 -0.0040670032624766 -0.0033660158913193 0.0013066858823455 -0.0002273915653660 0.0001497842849005 -0.0000019957691793 -0.0000085688569431 -0.0000010711398469 -0.0000002699303143 0.0000000714780077 -0.0000000311461001
-0.0026487619730074 0.0018849852670810 0.0000266087591121 -0.0003453994143159 0.0001136753403693 0.0000023877462017 -0.0000074819333700 -0.0000021197455213 0.0000001051060635 -0.0000000688726409 -0.0000000186919733 0.0000000186488106
-0.0157007375807098 -0.0144051093258324 0.0032228502439098 0.0012012904216635 0.0008726659603103 -0.0002222192067760 0.0000139003980296 0.0000087088039380 0.0000034074188725 -0.0000005728228775 0.0000000175120029 -0.0000000517681768
-0.0084811785337929 0.0011809533090555 -0.0026406988885363 -0.0004475046239793 -0.0003034190960234 -0.0000575261991561 0.0000185319129471 0.0000045512697909 0.0000007863109567 0.0000002388369699 -0.0000000224566198 0.0000000178559066
0.0012159912543060 -0.0015521090863868 -0.0008550248377185 -0.0002604567481983 0.0000429451272166 -0.0000014546689589 -0.0000037063789440 -0.0000015224830479 0.0000004118616408 0.0000000890826849 0.0000000149276579 -0.0000000090063506
-0.0135541369009891 -0.0055940265397220 -0.0029435139576211 0.0016748466416893 -0.0000456538866948 0.0001593250659479 -0.0000222092435743 -0.0000062869868705 -0.0000021103505501 -0.0000000006744124 0.0000000867584313 -0.0000000040316439
-0.0035968286031249 0.0021905284598494 -0.0002796115230535 -0.0005065692412922 0.0001053376978477 -0.0000188778200605 -0.0000120982910863 -0.0000016832986311 -0.0000003037791772 -0.0000001338475660 -0.0000000119150233 0.0000000258440152
-0.0158259345991364 -0.0163431218507352 0.0054183174176945 0.0002527418458397 0.0007525480167059 -0.0002920193448053 0.0000576131516017 -0.0000025494651064 0.0000022302022657 -0.0000008043765444 0.0000001525966574 0.0000000075856329
-0.0094603616762006 0.0004369618654099 -0.0030614435489637 -0.0001887749873541 -0.0003812694900283 -0.0000232144246583 0.0000270286509546 0.0000021591059676 0.0000014280674030 0.0000001214501496 -0.0000000571283858 0.0000000326898672
0.0005519092810475 -0.0006342201243421 -0.0002859707898590 -0.0000496599232782 -0.0000086500038345 -0.0000082420526975 -0.0000028832826963 -0.0000006711144324 0.0000000920952614 0.0000000029964080 -0.0000000026128917 0.0000000373924347
-0.0141841669084167 -0.0072417419934098 -0.0022595891356433 0.0019543310833061 0.0001797841869689 0.0001364694175636 -0.0000398672480444 -0.0000011623837201 -0.0000023556906730 0.0000003290613846 0.0000000439217189 0.0000000317770723
-0.0045768824469423 0.0023305576556862 -0.0006903067878618 -0.0006344302221812 0.0000617571822021 -0.0000439907295755 -0.0000133667805308 -0.0000000471458668 -0.0000007123637901 -0.0000001212378024 0.0000000104865817 0.0000000056339444
-0.0158352013850886 -0.0182706449370300 0.0079381321414197 -0.0011235156526775 0.0003644991794906 -0.0002656825960320 0.0000853908478351 -0.0000164832337656 -0.0000015465128197 -0.0000001923137156 0.0000001268347738 0.0000000734185361
-0.0104059411161162 -0.0004859706763024 -0.0033757370383800 0.0001441863024948 -0.0004212391036886 0.0000231634252355 0.0000300462405753 -0.0000014949863108 0.0000015944779280 -0.0000000850917033 -0.0000000639351123 0.0000000223072833
-0.0001850420844800 0.0001903743969494 0.0000662322163586 -0.0000002947979025 0.0000079258240552 0.0000032218257350 0.0000006807259057 0.0000000604048466 0.0000000163424134 0.0000000078514492 0.0000000014750752 -0.0000000036419969
-0.0147226196951482 -0.0089914641856825 -0.0012917948460516 0.0020939891561781 0.0004251366829792 0.0000774790884798 -0.0000487286478348 0.0000054776336451 -0.0000014706067808 0.0000005230842874 -0.0000000389033823 0.0000000423102930
-0.0055784377322898 0.0022964127129829 -0.0011727908994968 -0.0007040960180835 -0.0000133317485661 -0.0000657725669077 -0.0000099323086451 0.0000022433366353 -0.0000008523782291 -0.0000000181183010 0.0000000325159233 -0.0000000190533026
-0.0157271715677334 -0.0201622394065916 0.0107746295744730 -0.0029862011127137 -0.0003869030561776 -0.0000662293597384 0.0000576323118852 -0.0000196997150188 -0.0000048888556483 0.0000009584367400 -0.0000001470166960 -0.0000000176814029
-0.0113067478768716 -0.0015808327739706 -0.0035474928180241 0.0005317125046069 -0.0004103355192430 0.0000744156388874 0.0000256801548958 -0.0000053545706991 0.0000011129090716 -0.0000002832742253 -0.0000000324469111 -0.0000000064947156
-0.0009881940100438 0.0009035100069482 0.0002168764356021 -0.0000654261647742 0.0000522398455490 0.0000134754741440 0.0000009690816933 -0.0000004656695288 0.0000001925129591 0.0000000344527588 0.0000000011550610 -0.0000000285307280
-0.0151623071522686 -0.0108226683768300 -0.0000220355873625 0.0020385427201152 0.0006553445237706 -0.0000144788304491 -0.0000430520119090 0.0000111626593528 0.0000004015825479 0.0000004007279324 -0.0000001042086053 0.0000000097077121
-0.0065905588616328 0.0020819311685327 -0.0016922719837969 -0.0006975240613362 -0.0001104949467747 -0.0000775253180216 -0.0000019870569064 0.0000042880919658 -0.0000005722172758 0.0000001276152410 0.0000000355366258 -0.0000000244641544
-0.0155018032863378 -0.0219924002336197 0.0139144503351666 -0.0053909624461947 -0.0016084586349862 0.0004064779608344 -0.0000879951722646 0.0000155204375643 0.0000020940156825 -0.0000001668945791 -0.0000000198998913 -0.0000000397967776
-0.0121519783131794 -0.0028379590074249 -0.0035422647513499 0.0009465843738794 -0.0003400855754864 0.0001210427421547 0.0000136313714460 -0.0000080847760004 0.0000000588957748 -0.0000003602976132 0.0000000249808060 -0.0000000308798543
-0.0018499081831806 0.0014885218057039 0.0001856076550381 -0.0002007667394912 0.0000943929324708 0.0000131043751326 -0.0000026779386026 -0.0000015541163711 0.0000002732759896 0.0000000015679643 -0.0000000107173407 -0.0000000079642831
-0.0154971008880696 -0.0127132464323802 0.0015630253528985 0.0017296511446744 0.0008233214532182 -0.0001266270652100 -0.0000196820184759 0.0000127763096410 0.0000024740254900 -0.0000000660733616 -0.0000000848915109 -0.0000000408188111
-0.0076019922414579 0.0016835637876968 -0.0022124509530233 -0.0006040145039129 -0.0002161713914235 -0.0000743674894613 0.0000088136868960 0.0000051834642317 0.0000000830735547 0.0000002342913228 0.0000000121415878 -0.0000000058691658
0.0017349251596336 -0.0024203942117245 -0.0015426579910574 -0.0006173327060768 0.0001848573516315 0.0000446158597158 0.0000091180461163 0.0000016526118944 -0.0000002230583903 -0.0000000185188878 0.0000000018506171 -0.0000000240916382
-0.0129313304033007 -0.0042451311869902 -0.0033278740314925 0.0013544553780094 -0.0002082269352757 0.0001524237012049 -0.0000043911347163 -0.0000084586325623 -0.0000012215133219 -0.0000002454670241 0.0000000760326921 -0.0000000292890676
-0.0027616622763069 0.0019304990684603 -0.0000039219505055 -0.0003657304322324 0.0001145026168616 0.0000002351918385 -0.0000081422055505 -0.0000021348928614 0.0000000646361380 -0.0000000790126995 -0.0000000189054786 0.0000000211816891
-0.0157220146599321 -0.0146397863844482 0.0034716252698318 0.0011070668825693 0.0008694808077564 -0.0002337437482268 0.0000191703247548 0.0000076932234952 0.0000034110791064 -0.0000006310435101 0.0000000355541647 -0.0000000486141117
-0.0086013031765573 0.0011004548493290 -0.0026961481015904 -0.0004205604677921 -0.0003143662531869 -0.0000541779641135 0.0000197630486872 0.0000043516854507 0.0000008794038452 0.0000002313740098 -0.0000000273964852 0.0000000207372627
0.0011395593583485 -0.0014364940461033 -0.0007740826269049 -0.0002246923050129 0.0000314513672115 -0.0000041876648785 -0.0000041397017436 -0.0000015344316891 0.0000003872072130 0.0000000778998049 0.0000000117563572 0.0000000026672982
-0.0136351346891574 -0.0057877151875708 -0.0028750078600940 0.0017144286383666 -0.0000202771875478 0.0001584049160793 -0.0000246062060670 -0.0000058022746103 -0.0000021922107197 0.0000000395132113 0.0000000847066231 0.0000000004597623
-0.0037141474633165 0.0022165170544023 -0.0003244656902486 -0.0005244013631283 0.0001019183916602 -0.0000218564333404 -0.0000124709420732 -0.0000015430194131 -0.0000003590523008 -0.0000001373110994 -0.0000000098185081 0.0000000245608040
-0.0158332730924689 -0.0165778720535690 0.0057066341613115 0.0001098627445616 0.0007215632780142 -0.0002952768927279 0.0000624359120092 -0.0000042602405500 0.0000018924722266 -0.0000007812826998 0.0000001621539491 0.0000000181575352
-0.0095770161081416 0.0003344858750399 -0.0031059485214227 -0.0001520428045204 -0.0003884246694237 -0.0000181177704824 0.0000277362155587 0.0000017665702171 0.0000014788925842 0.0000000996340521 -0.0000000598272383 0.0000000328183570
0.0004663218173049 -0.0005289046839765 -0.0002319813041786 -0.0000360289573766 -0.0000093665286691 -0.0000073293209852 -0.0000024111942131 -0.0000005256272880 0.0000000617895434 -0.0000000014146915 -0.0000000028552769 0.0000000349786791
-0.0142544781757603 -0.0074488318810429 -0.0021577807544367 0.0019797772675312 0.0002090582742563 0.0001312543930456 -0.0000415361378635 -0.0000003986522951 -0.0000023111887643 0.0000003640463875 0.0000000351818697 0.0000000350619230
-0.0046973768060916 0.0023358427331429 -0.0007456529371552 -0.0006464017878769 0.0000541915494362 -0.0000469527946516 -0.0000132119551947 0.0000002116220255 -0.0000007482319361 -0.0000001131227187 0.0000000135730430 0.0000000023455250
-0.0158283657561694 -0.0185023988524179 0.0082653642630558 -0.0013222887558506 0.0002947805075525 -0.0002524907098869 0.0000859895413444 -0.0000178379362300 -0.0000020902967043 -0.0000000580409327 0.0000001046028449 0.0000000734118820
-0.0105177564242193 -0.0006097180005864 -0.0034048567751823 0.0001887349146691 -0.0004228450221302 0.0000292888962220 0.0000299333262036 -0.0000019772705203 0.0000015716939113 -0.0000001118799942 -0.0000000621407782 0.0000000194524932
-0.0002790307915916 0.0002831171228708 0.0000948811274535 -0.0000030027905390 0.0000125129821289 0.0000048007251333 0.0000009419473048 0.0000000596601503 0.0000000308677488 0.0000000122570472 0.0000000021174135 -0.0000000090501353
-0.0147813195847503 -0.0092095600752125 -0.0011542498444339 0.0020987973838474 0.0004546757201901 0.0000679330786870 -0.0000489115482642 0.0000062768839891 -0.0000012868362882 0.0000005276724748 -0.0000000491954970 0.0000000406352774
-0.0057008031834658 0.0022801114825163 -0.0012345115294874 -0.0007076437559299 -0.0000241735738599 -0.0000678503738608 -0.0000091889667032 0.0000025237136783 -0.0000008418756698 -0.0000000012452722 0.0000000341881034 -0.0000000210807984
-0.0157060858640402 -0.0203879016584999 0.0111394605949297 -0.0032478046891236 -0.0005077162552320 -0.0000257296129412 0.0000477750356693 -0.0000182219610773 -0.0000048924616028 0.0000010424945242 -0.0000001808930532 -0.0000000399982263
-0.0114123920428813 -0.0017248193227624 -0.0035569510894921 0.0005811728688282 -0.0004050895702346 0.0000805214853241 0.0000246143889394 -0.0000057728989996 0.0000010111462285 -0.0000003011041393 -0.0000000263687631 -0.0000000101699738
-0.0010897079738850 0.0009815744690230 0.0002223409383296 -0.0000789411370131 0.0000579523679215 0.0000140945022640 0.0000007114638209 -0.0000005897118637 0.0000002137109193 0.0000000342818952 0.0000000001505219 -0.0000000280163643
-0.0152085944611739 -0.0110491689292626 0.0001531238704322 0.0020157808418690 0.0006800927250794 -0.0000273741937371 -0.0000411798693086 0.0000116380871412 0.0000006647749664 0.0000003604843812 -0.0000001074558035 0.0000000035412145
-0.0067134453059313 0.0020434721918757 -0.0017560343365358 -0.0006909512150801 -0.0001231559649697 -0.0000780076851584 -0.0000007834733858 0.0000044735718972 -0.0000005096523119 0.0000001443228825 0.0000000340658088 -0.0000000233519723
-0.0154665530370244 -0.0222088904623462 0.0143148749884103 -0.0057218710916669 -0.0017940391091263 0.0004881130614826 -0.0001176926807086 0.0000244753355913 0.0000045295881840 -0.0000007739182664 0.0000001205214564 0.0000000307070522
-0.0122501729644423 -0.0030008370709403 -0.0035280272912990 0.0009971619846246 -0.0003273500903745 0.0001258730473504 0.0000117081165076 -0.0000082759886550 -0.0000000937188196 -0.0000003571803124 0.0000000322781278 -0.0000000323414841
-0.0019579594388260 0.0015500019845368 0.0001705494707659 -0.0002199508395924 0.0000982999428134 0.0000121836841479 -0.0000033010112529 -0.0000016704988052 0.0000002643169294 -0.0000000067834293 -0.0000000122790486 -0.0000000039668060
-0.0155303087565503 -0.0129453769094136 0.0017770756096886 0.0016720926610431 0.0008367269032991 -0.0001405341625606 -0.0000156741875409 0.0000125528683864 0.0000026780456209 -0.0000001375440015 -0.0000000749978167 -0.0000000453161385
-0.0077240202485434 0.0016226986213696 -0.0022737816659444 -0.0005865413753771 -0.0002288073618706 -0.0000728357844060 0.0000101943813593 0.0000051809088482 0.0000001783294260 0.0000002407641666 0.0000000078297292 -0.0000000026409762
0.0016670589381991 -0.0022977112841751 -0.0014371538697066 -0.0005572332346086 0.0001583382996458 0.0000349109254751 0.0000060027662906 0.0000007416887674 0.0000000052024600 0.0000000340061615 0.0000000123463485 -0.0000000438961999
-0.0130208670069545 -0.0044252521692979 -0.0032862228096021 0.0014015279086833 -0.0001882267329349 0.0001546869093037 -0.0000068208603084 -0.0000083026876846 -0.0000013673541327 -0.0000002183624553 0.0000000799428603 -0.0000000269060100
-0.0028751620832821 0.0019737178611881 -0.0000363821426992 -0.0003859622538523 0.0001148394100818 -0.0000020564283779 -0.0000087850927968 -0.0000021319339501 0.0000000207827389 -0.0000000888089538 -0.0000000188441488 0.0000000233023772
-0.0157416196532842 -0.0148746339799095 0.0037252047206773 0.0010073362950432 0.0008634581999085 -0.0002446202468036 0.0000245207671367 0.0000065703082938 0.0000033772281282 -0.0000006831942024 0.0000000538481167 -0.0000000441485691
-0.0087210808434945 0.0010172653141569 -0.0027505106413050 -0.0003923564209220 -0.0003249572498966 -0.0000505923239200 0.0000209500455655 0.0000041255513199 0.0000009695702633 0.0000002219285830 -0.0000000322276821 0.0000000233686107
0.0010619815462203 -0.0013220018313192 -0.0006964750542427 -0.0001919253922483 0.0000215994850404 -0.0000062673723273 -0.0000043670467897 -0.0000014929638644 0.0000003525055908 0.0000000654991444 0.0000000086216906 0.0000000131629657
-0.0137148899812199 -0.0059831485509465 -0.0028026113009688 0.0017526258259023 0.0000057204036603 0.0001569921592601 -0.0000269559347892 -0.0000052756924361 -0.0000022612510667 0.0000000803744954 0.0000000817489299 0.0000000051284724
-0.0038319188921622 0.0022400526677818 -0.0003708023073228 -0.0005416868737717 0.0000979741220753 -0.0000248803516458 -0.0000127892397316 -0.0000013848989828 -0.0000004138272308 -0.0000001394867195 -0.0000000074948035 0.0000000228700836
-0.0158389025537306 -0.0168124233984586 0.0059997159563889 -0.0000394117107096 0.0006864942619587 -0.0002970263889784 0.0000669904770760 -0.0000060062251639 0.0000015143385371 -0.0000007443464050 0.0000001689010828 0.0000000287514222
-0.0096931562039822 0.0002293868293103 -0.0031488222540383 -0.0001142390763756 -0.0003949936466822 -0.0000128506532440 0.0000283575817163 0.0000013563571150 0.0000015220662997 0.0000000765738726 -0.0000000620625497 0.0000000326275261
0.0003796731242807 -0.0004249954611011 -0.0001811610602814 -0.0000246835960648 -0.0000091745242805 -0.0000062069472066 -0.0000019249648000 -0.0000003908021081 0.0000000372557220 -0.0000000041134818 -0.0000000027573989 0.0000000313778555
-0.0143234286256376 -0.0076573880911307 -0.0020517588277083 0.0020030774995733 0.0002385854556176 0.0001254990270884 -0.0000430638323741 0.0000003851921998 -0.0000022492515496 0.0000003966383941 0.0000000258706230 0.0000000378695090
-0.0048181685552780 0.0023385517070196 -0.0008019962117083 -0.0006574719343626 0.0000461688990657 -0.0000498522876323 -0.0000129851601519 0.0000004789740328 -0.0000007795859320 -0.0000001036404777 0.0000000166360767 -0.0000000010223733
-0.0158198033297565 -0.0187335792063618 0.0085972386624896 -0.0015283174504568 0.0002195530698221 -0.0002366230276118 0.0000857085269358 -0.0000190166604419 -0.0000026253684544 0.0000000849316367 0.0000000781291296 0.0000000705360807
-0.0106288936032184 -0.0007359804479622 -0.0034318164992229 0.0002340519398768 -0.0004236783155218 0.0000354733097211 0.0000297078848181 -0.0000024606229272 0.0000015389846392 -0.0000001383539280 -0.0000000597560796 0.0000000162974970
-0.0003739808287945 0.0003741887762710 0.0001205939112100 -0.0000073090266249 0.0000174337331820 0.0000063261888775 0.0000011445522792 0.0000000389522914 0.0000000487606292 0.0000000167238063 0.0000000026210633 -0.0000000139923659
-0.0148385547072413 -0.0094288172630134 -0.0010122330175764 0.0021006395331885 0.0004839324909519 0.0000579049380597 -0.0000488690277031 0.0000070575802731 -0.0000010886089380 0.0000005271910853 -0.0000000591051469 0.0000000382661986
-0.0058233044565805 0.0022611480115713 -0.0012967140058941 -0.0007100370309298 -0.0000353231991878 -0.0000697678952832 -0.0000083794337790 0.0000027987128999 -0.0000008248568150 0.0000000161585382 0.0000000355436363 -0.0000000227220277
-0.0156832751132447 -0.0206126152756004 0.0115087273359886 -0.0035174765887628 -0.0006356286562740 0.0000189587205900 0.0000360828318599 -0.0000161373379645 -0.0000047316586247 0.0000010906642743 -0.0000002088411647 -0.0000000621425433
-0.0115171999074107 -0.0018711741616322 -0.0035637458454309 0.0006309879496088 -0.0003989541947660 0.0000865421002169 0.0000234345873335 -0.0000061720438474 0.0000009010437632 -0.0000003169146201 -0.0000000199291691 -0.0000000137652044
-0.0011920692454478 0.0010577255385064 0.0002251659367308 -0.0000934079286585 0.0000635780152396 0.0000145401179438 0.0000003953309729 -0.0000007202886263 0.0000002326853387 0.0000000330558157 -0.0000000010343139 -0.0000000268290543
-0.0152533288020575 -0.0112765029349122 0.0003329427430749 0.0019891896329552 0.0007038451058037 -0.0000405473970102 -0.0000390396497888 0.0000120474728800 0.0000009295672872 0.0000003150168590 -0.0000001093102363 -0.0000000028955860
-0.0068363015646227 0.0020023034622167 -0.0018197421678008 -0.0006830797127998 -0.0001359177013348 -0.0000782612328212 0.0000004591415716 0.0000046403352103 -0.0000004416252812 0.0000001602901854 0.0000000321977269 -0.0000000218415449
-0.0154295991023186 -0.0224240616013217 0.0147194458858293 -0.0060615940252702 -0.0019884586557453 0.0005758276133985 -0.0001506129853937 0.0000347902211906 0.0000074728803850 -0.0000015479738605 0.0000003108781594 0.0000001368008930
-0.0123473807596855 -0.0031658992430673 -0.0035106572663732 0.0010475765843709 -0.0003137027244603 0.0001304595044086 0.0000096996674045 -0.0000084300619857 -0.0000002490398610 -0.0000003510747439 0.0000000394217163 -0.0000000333429870
-0.0020667311364319 0.0016093526943530 0.0001532066853859 -0.0002394966392254 0.0001018459658007 0.0000110759252450 -0.0000039463907889 -0.0000017771423592 0.0000002506857787 -0.0000000157978300 -0.0000000137522344 0.0000000001023847
-0.0155618923941281 -0.0131779943258987 0.0019958972928902 0.0016098156181723 0.0008482383277770 -0.0001543268176375 -0.0000114393008211 0.0000122248881212 0.0000028627185395 -0.0000002100673215 -0.0000000635454922 -0.0000000490263538
-0.0078458496445740 0.0015591159311735 -0.0023345096625668 -0.0005677391315987 -0.0002413042132442 -0.0000710490811622 0.0000115722252686 0.0000051517312777 0.0000002752180275 0.0000002454695122 0.0000000032913055 0.0000000007143946
0.0015979856452051 -0.0021758901929496 -0.0013350713242508 -0.0005007636560282 0.0001342361161185 0.0000264275289025 0.0000034040821193 0.0000000222532549 0.0000001728514297 0.0000000691787797 0.0000000185340926 -0.0000000519995876
-0.0131092757332869 -0.0046073378057595 -0.0032410131779524 0.0014478244230490 -0.0001674093947918 0.0001565572962881 -0.0000092762309548 -0.0000081006256858 -0.0000015075980536 -0.0000001887701330 0.0000000831516399 -0.0000000241477828
-0.0029892440781977 0.0020146207192750 -0.0000707199234566 -0.0004060360550356 0.0001146754416406 -0.0000044774225405 -0.0000094053860570 -0.0000021103382015 -0.0000000260755573 -0.0000000981183442 -0.0000000184891488 0.0000000249682056
