0.7128807298351578 1.0458466664201840 0.7046987223693582 -0.3077241286421460 0.1067550121474342 -0.0317073970357749 -0.0083042896313070 -0.0020086531525858
0.7224058939371086 1.0375448276585195 0.6774443064642253 -0.2814310555421301 0.0909255776299748 -0.0245098146099294 -0.0056392232258702 -0.0011413839727383
0.7318517730635450 1.0288976454928258 0.6502994498213942 -0.2559766519914219 0.0761264032181871 -0.0180713788241232 -0.0033818803963351 -0.0004556329537934
0.7412152781718854 1.0199073271734311 0.6232776360933117 -0.2313612129332941 0.0623284331499247 -0.0123484881884509 -0.0014955286147470 0.0000719709889198
0.7504933412104570 1.0105762215600911 0.5963922860973326 -0.2075844681250849 0.0495024534706861 -0.0072986561193974 0.0000546401019012 0.0004628546228434
0.7596829163618105 1.0009068183067160 0.5696567512421543 -0.1846455837722185 0.0376191175812126 -0.0028805234128429 0.0013015508058325 0.0007365986619801
0.7687809812788403 0.9909017469817910 0.5430843069859045 -0.1625431644824622 0.0266489717548684 0.0009461305104154 0.0022762882956480 0.0009110339512632
0.7777845383131383 0.9805637761248540 0.5166881463292014 -0.1412752555392010 0.0165624806081840 0.0042203775877403 0.0030081407892868 0.0010023355125110
0.7866906157350149 0.9698958122394116 0.4904813733464548 -0.1208393454923170 0.0073300525082083 0.0069801323266080 0.0035246445250935 0.0010251143966828
0.7954962689446112 0.9589008987227056 0.4644769967586663 -0.1012323690650986 -0.0010779350996660 0.0092621442448211 0.0038516292217887 0.0009925072982115
0.8041985816735507 0.9475822147327749 0.4386879235509761 -0.0824507103754027 -0.0086911104597339 0.0111019915375218 0.0040132643297903 0.0009162638817212
0.8127946671765512 0.9359430739932931 0.4131269526381584 -0.0644902064691552 -0.0155390823859906 0.0125340759686238 0.0040321060041595 0.0008068317839096
0.8212816694124585 0.9239869235366819 0.3878067685812764 -0.0473461511640659 -0.0216514152703177 0.0135916189832735 0.0039291447311969 0.0006734392493158
0.8296567642141363 0.9117173423860412 0.3627399353586547 -0.0310132992012970 -0.0270576042347851 0.0143066590372726 0.0037238535394609 0.0005241753668721
0.8379171604466739 0.8991380401764602 0.3379388901943213 -0.0154858707026278 -0.0317870504440118 0.0147100501383084 0.0034342367265221 0.0003660678775450
0.8460601011533648 0.8862528557163067 0.3134159374470252 -0.0007575559305016 -0.0358690365933609 0.0148314615930593 0.0030768790327626 0.0002051585235494
0.8540828646889164 0.8730657554891179 0.2891832425629284 0.0131784796518249 -0.0393327025886194 0.0146993789534052 0.0026669951939326 0.0000465759180367
0.8619827658393700 0.8595808320967512 0.2652528260950134 0.0263295900229831 -0.0422070214327013 0.0143411061539235 0.0022184798037177 -0.0001053940868380
0.8697571569281901 0.8458023026444738 0.2416365577922382 0.0387036429521505 -0.0445207753347266 0.0137827688322293 0.0017439574188539 -0.0002472405478892
0.8774034289080163 0.8317345070687077 0.2183461507614218 0.0503090140569519 -0.0463025320567329 0.0130493188227014 0.0012548328386589 -0.0003761621094160
0.8849190124375599 0.8173819064081664 0.1953931557048129 0.0611545805740281 -0.0475806215130309 0.0121645398132965 0.0007613414919103 -0.0004900042211051
0.8923013789431353 0.8027490810191540 0.1727889552362563 0.0712497148458703 -0.0483831126371498 0.0111510541543841 0.0002725998642486 -0.0005871988997164
0.8995480416643313 0.7878407287358186 0.1505447582788305 0.0806042775276798 -0.0487377905310178 0.0100303308077302 -0.0002033441003124 -0.0006667070399141
0.9066565566833288 0.7726616629761863 0.1286715945467943 0.0892286105181427 -0.0486721339109187 0.0088226944227243 -0.0006594606896129 -0.0007279632695556
0.9136245239373760 0.7572168107948260 0.1071803091146340 0.0971335296181929 -0.0482132928645636 0.0075473355264649 -0.0010896882700556 -0.0007708233477245
0.9204495882139494 0.7415112108830111 0.0860815570759562 0.1043303169219612 -0.0473880669333290 0.0062223218132263 -0.0014888833549453 -0.0007955140958259
0.9271294401281267 0.7255500115172913 0.0653857982949387 0.1108307129442743 -0.0462228835336135 0.0048646105182202 -0.0018527709575207 -0.0008025858511341
0.9336618170817086 0.7093384684573937 0.0451032922529912 0.1166469084892008 -0.0447437767309400 0.0034900618596880 -0.0021778952920297 -0.0007928674280283
0.9400445042036448 0.6928819427944067 0.0252440929932383 0.1217915362642935 -0.0429763663802539 0.0021134535326782 -0.0024615708851100 -0.0007674235689308
0.9462753352713055 0.6761858987502227 0.0058180441653879 0.1262776622453040 -0.0409458376456320 0.0007484962370387 -0.0027018341580125 -0.0007275148638326
0.9523521936121794 0.6592559014292395 -0.0131652258265070 0.1301187767963071 -0.0386769209123125 -0.0005921497785402 -0.0028973955410802 -0.0006745601140722
0.9582730129855579 0.6420976145233455 -0.0316963085709303 0.1333287855502814 -0.0361938721037813 -0.0018968571752872 -0.0030475921786036 -0.0006101011127184
0.9640357784437932 0.6247167979712318 -0.0497660202880249 0.1359220000553378 -0.0335204534163210 -0.0031550130056554 -0.0031523412833234 -0.0005357698114865
0.9696385271727215 0.6071193055731053 -0.0673654063586012 0.1379131281919239 -0.0306799144831795 -0.0043569992373253 -0.0032120941972781 -0.0004532578401996
0.9750793493108595 0.5893110825618891 -0.0844857457407346 0.1393172643664417 -0.0276949739802682 -0.0054941723409629 -0.0032277912149286 -0.0003642883419034
0.9803563887469711 0.5712981631320256 -0.1011185552717146 0.1401498794868505 -0.0245878016849621 -0.0065588419634268 -0.0032008172239147 -0.0002705900857612
0.9854678438956419 0.5530866679270176 -0.1172555938531586 0.1404268107259484 -0.0213800009993243 -0.0075442487086315 -0.0031329582166838 -0.0001738738129387
0.9904119684504825 0.5346828014868538 -0.1328888665171728 0.1401642510781394 -0.0180925919487523 -0.0084445410490907 -0.0030263587256321 -0.0000758107731313
0.9951870721146077 0.5160928496565049 -0.1480106283714903 0.1393787387155996 -0.0147459946667733 -0.0092547513916145 -0.0028834802326654 0.0000219865983472
0.9997915213080454 0.4973231769566700 -0.1626133884215903 0.1380871461498866 -0.0113600133763484 -0.0099707713214189 -0.0027070606030102 0.0001179819114097
1.0042237398517364 0.4783802239179943 -0.1766899132678551 0.1363066692051240 -0.0079538208778061 -0.0105893260492128 -0.0025000745914406 0.0002107300145007
1.0084822096278010 0.4592705043799844 -0.1902332306758873 0.1340548158090046 -0.0045459435531190 -0.0111079480867401 -0.0022656954680295 0.0002988902047292
1.0125654712157584 0.4400006027558677 -0.2032366330181804 0.1313493946079609 -0.0011542468959777 -0.0115249501765041 -0.0020072578086808 0.0003812375131606
1.0164721245044002 0.4205771712646609 -0.2156936805853847 0.1282085034129383 0.0022040784232658 -0.0118393975020821 -0.0017282214943636 0.0004566721252372
1.0202008292790175 0.4010069271317288 -0.2275982047655008 0.1246505174823109 0.0055125299490077 -0.0120510792058955 -0.0014321369613072 0.0005242269993694
1.0237503057837143 0.3812966497591262 -0.2389443110893741 0.1206940776485621 0.0087553062797841 -0.0121604792418127 -0.0011226117432381 0.0005830737469640
1.0271193352585288 0.3614531778670380 -0.2497263821409506 0.1163580782954393 0.0119173193475615 -0.0121687465904280 -0.0008032783444661 0.0006325268424518
1.0303067604511162 0.3414834066076369 -0.2599390803308148 0.1116616551923785 0.0149842061292139 -0.0120776648652769 -0.0004777634813996 0.0006720462301418
1.0333114861027386 0.3213942846527030 -0.2695773505315990 0.1066241731930699 0.0179423397828814 -0.0118896213387155 -0.0001496587284161 0.0007012383999683
1.0361324794083415 0.3011928112563537 -0.2786364225739285 0.1012652138051115 0.0207788402021890 -0.0116075754166088 0.0001775073977165 0.0007198560036732
1.0387687704504915 0.2808860332942474 -0.2871118136016312 0.0956045626377672 0.0234815839817349 -0.0112350265913087 0.0005002958829043 0.0007277960858548
1.0412194526069709 0.2604810422806402 -0.2949993302850206 0.0896621967349174 0.0260392137876089 -0.0107759819028092 0.0008153821590874 0.0007250970060043
1.0434836829318301 0.2399849713646765 -0.3022950708911215 0.0834582718003494 0.0284411471270508 -0.0102349229383383 0.0011195795176009 0.0007119341279611
1.0455606825097239 0.2194049923073171 -0.3089954272097923 0.0770131093225945 0.0306775845118003 -0.0096167724008709 0.0014098609649683 0.0006886143568034
1.0474497367833580 0.1987483124403049 -0.3150970863347651 0.0703471836065757 0.0327395170099766 -0.0089268602775044 0.0016833794965762 0.0006555696022765
1.0491501958538880 0.1780221716085877 -0.3205970322986938 0.0634811087193825 0.0346187331818305 -0.0081708896387368 0.0019374867644535 0.0006133492506415
1.0506614747541341 0.1572338390976200 -0.3254925475613872 0.0564356253575316 0.0363078253949843 -0.0073549021001327 0.0021697501176937 0.0005626117275820
1.0519830536944732 0.1363906105469748 -0.3297812143504675 0.0492315876431211 0.0378001955152431 -0.0064852429779509 0.0023779679960695 0.0005041152352959
1.0531144782812984 0.1154998048517033 -0.3334609158537731 0.0418899498563201 0.0390900599694034 -0.0055685261706013 0.0025601836594533 0.0004387077490162
1.0540553597079356 0.0945687610528866 -0.3365298372629024 0.0344317531116763 0.0401724541769389 -0.0046115987979758 0.0027146972366560 0.0003673163577197
1.0548053749179325 0.0736048352188286 -0.3389864666673699 0.0268781119857475 0.0410432363477526 -0.0036215056308552 0.0028400760804585 0.0002909360358125
1.0553642667406351 0.0526153973183424 -0.3408295957989165 0.0192502011035984 0.0416990906436869 -0.0026054533427625 0.0029351634166651 0.0002106179321021
1.0557318439989922 0.0316078280875908 -0.3420583206256039 0.0115692416917180 0.0421375297017813 -0.0015707746167274 0.0029990852773581 0.0001274572639037
1.0559079815895347 0.0105895158919390 -0.3426720417953850 0.0038564881049381 0.0423568965177420 -0.0005248921395674 0.0030312557104559 0.0000425809036871
1.0558926205344943 -0.0104321464157157 -0.3426704649289324 -0.0038667856650567 0.0423563656884693 0.0005247174836642 0.0030313802592513 -0.0000428652531190
1.0556857680060305 -0.0314497646386730 -0.3420536007615731 -0.0115792994920236 0.0421359440128395 0.0015705598623384 0.0029994577087505 -0.0001277290511210
1.0552874973225586 -0.0524559463807492 -0.3408217651342611 -0.0192597806206567 0.0416964704504461 0.0026051589672657 0.0029357800955318 -0.0002108648799293
1.0546979479171845 -0.0734433041897249 -0.3389755788335931 -0.0268869771676686 0.0410396154382929 0.0036210932593071 0.0028409309824141 -0.0002911464326533
1.0539173252782499 -0.0944044586984506 -0.3365159672809501 -0.0344396716108569 0.0401678795659320 0.0046110317668164 0.0027157819986572 -0.0003674793293501
1.0529459008620337 -0.1153320417621485 -0.3334441600709259 -0.0418966942585509 0.0390845916098528 0.0055677700792271 0.0025614876505399 -0.0004388135170766
1.0517840119776298 -0.1362186995904458 -0.3297616903592779 -0.0492369366918543 0.0377939059284209 0.0064842662240920 0.0023794784075465 -0.0005041553585549
1.0504320616440759 -0.1570570958726806 -0.3254703941007120 -0.0564393651721070 0.0363007992189826 0.0073536763950484 0.0021714520724495 -0.0005625793215671
1.0488905184197905 -0.1778399148950222 -0.3205724091368934 -0.0634830340060139 0.0346110666392138 0.0081693904981754 0.0019393634447107 -0.0006132391822048
1.0471599162044036 -0.1985598646479541 -0.3150701741351492 -0.0703470988609104 0.0327313172951669 0.0089250674844779 0.0016854122891739 -0.0006553786550617
1.0452408540130720 -0.2192096799226712 -0.3089664273783986 -0.0770108300226586 0.0306689690988426 0.0096146704362502 0.0014120296238984 -0.0006883413646371
1.0431339957233949 -0.2397821253949476 -0.3022642054069363 -0.0834536255887113 0.0284322429985635 0.0102325013753164 0.0011218623423453 -0.0007115800726532
1.0408400697950391 -0.2602699986950415 -0.2949668415127559 -0.0896550245888984 0.0260301565857713 0.0107732357613464 0.0008177561878992 -0.0007246650774923
1.0383598689622204 -0.2806661334622043 -0.2870779640871814 -0.0955947200265507 0.0234725170822954 0.0112319566486086 0.0005027370998269 -0.0007272917017173
1.0356942498991737 -0.3009634023823745 -0.2786014948226510 -0.1012525718326064 0.0207699137124755 0.0116041884698107 0.0001799909525996 -0.0007192867867416
1.0328441328587905 -0.3211547202076430 -0.2695416467695680 -0.1066086197253964 0.0179337094650215 0.0118859304159580 -0.0001471582890806 -0.0007006141122088
1.0298105012845729 -0.3412330467560831 -0.2599029222492073 -0.1116430959688676 0.0149760322497175 0.0120736893813420 -0.0004752719736290 -0.0006713786616858
1.0265944013961097 -0.3611913898905537 -0.2496901106237444 -0.1163364380220377 0.0119097654546030 0.0121645124432149 -0.0008008216977754 -0.0006318296562163
1.0231969417482603 -0.3810228084750897 -0.2389082859245370 -0.1206693010725612 0.0087485379095581 0.0121560188459302 -0.0011202157447692 -0.0005823622779114
1.0196192927642622 -0.4007204153075059 -0.2275628043398713 -0.1246225704473302 0.0055067132626139 0.0120464314597312 -0.0014298269952735 -0.0005235180099903
1.0158626862429814 -0.4202773800268548 -0.2156593015634504 -0.1281773738931143 0.0021993787757032 0.0118346076846903 -0.0017260222784211 -0.0004559835183932
1.0119284148405412 -0.4396869319943887 -0.2032036900049728 -0.1313150937203068 -0.0011576664531163 0.0115200697707921 -0.0020051931289757 -0.0003805880036592
1.0078178315265796 -0.4589423631466901 -0.1902021558642216 -0.1340173788029277 -0.0045479238335208 0.0111030345254126 -0.0022637879151806 -0.0002982989540881
1.0035323490153891 -0.4780370308196473 -0.1766611560701536 -0.1362661564281132 -0.0079542081850836 0.0105844423800351 -0.0024983452996718 -0.0002102162298966
0.9990734391722147 -0.4969643605419726 -0.1625874150865448 -0.1380436439883924 -0.0113586611896364 0.0099659857883942 -0.0027055289940504 -0.0001175644153176
0.9944426323949874 -0.5157178487969617 -0.1479879215858170 -0.1393323605101659 -0.0147427653852888 0.0092501369287196 -0.0028821637674376 -0.0000216833724382
0.9896415169717966 -0.5342910657512291 -0.1328699249927359 -0.1401151380118539 -0.0180873586933526 0.0084401746833455 -0.0030252726654863 0.0000759830635577
0.9846717384143920 -0.5526776579491474 -0.1172409318997412 -0.1403751326853135 -0.0213726494689540 0.0075402108692654 -0.0031321153969804 0.0001739003075570
0.9795349987680507 -0.5708713509717575 -0.1011087023557257 -0.1400958358942024 -0.0245782320658597 0.0065552156939437 -0.0032002278422463 0.0002704582228256
0.9742330558981207 -0.5888659520589159 -0.0844812460301564 -0.1392610849830608 -0.0276831029056919 0.0054910424111685 -0.0032274626366367 0.0003639883498390
0.9687677227535910 -0.6066553526934757 -0.0673668182544808 -0.1378550738910113 -0.0306656770414013 0.0043544511521740 -0.0032120307809876 0.0004527832157225
0.9631408666080338 -0.6242335311463126 -0.0497739159428327 -0.1358623635640665 -0.0335038052045040 0.0031531319081382 -0.0031525442291678 0.0005351177768889
0.9573544082782791 -0.6415945549810230 -0.0317112733941105 -0.1332678921601493 -0.0361747913253643 0.0018957266403552 -0.0030480594019127 0.0006092730379042
0.9514103213211927 -0.6587325835171491 -0.0131878579775571 -0.1300569850410507 -0.0386554105154104 0.0005918504954463 -0.0028981215745380 0.0006735618944651
0.9453106312089432 -0.6756418702507988 0.0057871342959656 -0.1262153645456611 -0.0409219274999486 -0.0007478878967334 -0.0027028100848375 0.0007263572389530
0.9390574144831396 -0.6923167652315527 0.0252042833147589 -0.1217291595389372 -0.0429501154898961 -0.0021118670640804 -0.0024627843066002 0.0007661223677533
0.9326527978882520 -0.7087517173945734 0.0450539495168235 -0.1165849147311901 -0.0447152754805111 -0.0034874342929278 -0.0021793303326314 0.0007914437270994
0.9260989574847168 -0.7249412768468516 0.0653262786477870 -0.1107695997624031 -0.0461922559649214 -0.0048608882087035 -0.0018544083097760 0.0008010660283473
0.9193981177421515 -0.7408800971065460 0.0860112066238119 -0.1042706180464239 -0.0473554730499228 -0.0062174623561307 -0.0014907003684164 0.0007939297624463
0.9125525506131059 -0.7565629372944028 0.1070984644970150 -0.0970758153700022 -0.0481789309613611 -0.0075413097976524 -0.0010916590865158 0.0007692111416855
0.9055645745877923 -0.7719846642762536 0.1285775835208790 -0.0891734882417835 -0.0486362429260815 -0.0088154887482911 -0.0006615564283763 0.0007263644889503
0.8984365537302337 -0.7871402547556267 0.1504379003130938 -0.0805523919865164 -0.0487006524171890 -0.0100219492642114 -0.0002055330966644 0.0006651670982646
0.8911708966962945 -0.8020247973155223 0.1726685621132034 -0.0712017485798421 -0.0483450547491753 -0.0111415210016274 0.0002703517642913 0.0005857665791987
0.8837700557340512 -0.8166334944084316 0.1952585321323984 -0.0611112542192230 -0.0475420190091890 -0.0121539020617912 0.0007590705769573 0.0004887307036141
0.8762365256669770 -0.8309616642937036 0.2181965949927442 -0.0502710866266719 -0.0462638103105186 -0.0130376489372382 0.0012525771143234 0.0003750997600409
0.8685728428604225 -0.8450047429213903 0.2414713622530864 -0.0386719120791144 -0.0444824123541502 -0.0137701675734089 0.0017417561235127 0.0002464414263551
0.8607815841718772 -0.8587582857617270 0.2650712780188387 -0.0263048921623653 -0.0421695502840756 -0.0143277055592247 0.0022163728545475 0.0001049081622781
0.8528653658855048 -0.8722179695794308 0.2889846246328128 -0.0131616902448441 -0.0392967138217737 -0.0146853454591883 0.0026650225595945 -0.0000467028781367
0.8448268426314575 -0.8853795941520264 0.3131995284442098 0.0007655223326814 -0.0358351806651585 -0.0148169992988340 0.0030750800293923 -0.0002048874164069
0.8366687062904775 -0.8982390839314419 0.3377039656528550 0.0154840603548839 -0.0317560401370959 -0.0146954042145775 0.0034326492336328 -0.0003653691093836
0.8283936848842999 -0.9107924896481346 0.3624857682257189 0.0310007191205918 -0.0270302170683770 -0.0142921192780864 0.0037225131323178 -0.0005230321103747
0.8200045414523752 -0.9230359898570428 0.3875326298827352 0.0473217691256743 -0.0216284958999502 -0.0135775235044217 0.0039280837260086 -0.0006718511435144
0.8115040729154467 -0.9349658924246908 0.4128321121488919 0.0644529510431706 -0.0155215449889943 -0.0125208150525312 0.0040313524131589 -0.0008048191104385
0.8028951089265081 -0.9465786359567904 0.4383716504695292 0.0823994710035665 -0.0086799411033046 -0.0110900116255423 0.0040128407222289 -0.0009138722491505
0.7941805107096839 -0.9578707911657285 0.4641385603857667 0.1011659961779772 -0.0010741940883432 -0.0092519520776598 0.0038515514877690 -0.0009898128714040
0.7853631698875769 -0.9688390621773431 0.4901200437669341 0.1207566506667989 0.0073252283088797 -0.0069722992335074 0.0035249205387035 -0.0010222297041885
0.7764460072976286 -0.9794802877764334 0.5163031950968615 0.1411750116962535 0.0165478754749298 -0.0042155439247555 0.0030087689678818 -0.0009994158697193
0.7674319717980511 -0.9897914425904703 0.5426750078108587 0.1624241061250505 0.0266232888401744 -0.0009450102483388 0.0022772560514382 -0.0009082845374928
0.7583240390638820 -0.9997696382110114 0.5692223806801857 0.1845064072632469 0.0375809766801420 0.0028771379508618 0.0013028328871207 -0.0007342822882588
0.7491252103737293 -1.0094121242523468 0.5959321242407958 0.2074238320051907 0.0494503888242561 0.0072898893703102 0.0000561968200207 -0.0004613002320090
0.7398385113877710 -1.0187162893469379 0.6227909672631137 0.2311777382782690 0.0622608912881884 0.0123333763118516 -0.0014937532754847 -0.0000715829261447
0.7304669909175767 -1.0276796620772486 0.6497855632595866 0.2557689228090204 0.0760417408461793 0.0180488645149920 -0.0033799607893293 0.0004543648565485
0.7210137196883254 -1.0362999118435783 0.6769024970267294 0.2811976192079712 0.0908220595597269 0.0244787417618240 -0.0056372541765922 0.0011378734565134
0.7114817890939960 -1.0445748496675675 0.7041282912183792 0.3074634963743892 0.1066308092790544 0.0316665052548835 -0.0083023886977805 0.0020022056974724
