0.7128807261692383 1.0458466614402666 0.7046987357917829 -0.3077241253602324 0.1067548458007014 -0.0317072568460487 -0.0083176307605402 -0.0020076055423588
-0.0004359546747228 -0.0000889857293603 0.0000168883520230 0.0000030168161477 0.7224059043776525 1.0375448237553773 0.6774443221441909 -0.2814310475838918
0.0909253684279530 -0.0245097568595213 -0.0056438920781834 -0.0011408580292962 -0.0001928283466912 -0.0000267446012734 0.0000024201329221 -0.0000000905418279
0.7318517926522742 1.0288976421988347 0.6502994684952242 -0.2559766409600556 0.0761261813813466 -0.0180713812366599 -0.0033804254273305 -0.0004554868032257
-0.0000160503052355 0.0000140580684549 -0.0000059177336166 -0.0000016098346302 0.7412153028969373 1.0199073241310435 0.6232776581673299 -0.2313612000747205
0.0623282220541639 -0.0123485324038272 -0.0014900439886874 0.0000718535066635 0.0001057796974668 0.0000381416201694 -0.0000098018666718 -0.0000020685688598
0.7504933678911302 1.0105762185048002 0.5963923116986053 -0.2075844543854019 0.0495022705476176 -0.0072987272012746 0.0000624607139374 0.0004625671697721
0.0001827352793252 0.0000495020213486 -0.0000105841282948 -0.0000018688698451 0.7596829425425226 1.0009068150518448 0.5696567802650451 -0.1846455698485075
0.0376189751425196 -0.0028806094006713 0.0013103646913791 0.0007362153545139 0.0002236676935030 0.0000514907749667 -0.0000093374966629 -0.0000013094434729
0.7687810051318530 0.9909017434049829 0.5430843391345994 -0.1625431508675014 0.0266488777445668 0.0009460390073263 0.0022850582210742 0.0009106120531083
0.0002363050357640 0.0000468878034735 -0.0000068974528302 -0.0000006046509064 0.7777845585496133 0.9805637721561270 0.5166881811563830 -0.1412752425605806
0.0165624392867498 0.0042202877569150 0.0030160933705781 0.0010019178844235 0.0002273464998315 0.0000379687344110 -0.0000038989706214 0.0000000981195162
0.7866906315239662 0.9698958078506603 0.4904814102882950 -0.1208393333464378 0.0073300650723635 0.0069800494823589 0.0035312322490207 0.0010247317150701
0.0002025517755564 0.0000265667053122 -0.0000008092856570 0.0000007047981897 0.7954962798393369 0.9589008939185335 0.4644770351663137 -0.1012323578464971
-0.0010778699578408 0.0092620721240430 0.0038564959222799 0.0009921800548068 0.0001668256940574 0.0000141291076227 0.0000020430114773 0.0000011621846542
0.8041985875451267 0.9475822095425430 0.4386879627187061 -0.0824507001018412 -0.0086909960507357 0.0111019325636599 0.0040162139281496 0.0009160041780354
0.0001242982265484 0.0000017693843338 0.0000044425350916 0.0000014478573355 0.8127946681539886 0.9359430684642848 0.4131269918283617 -0.0644901971028702
-0.0155389235744530 0.0125340314861269 0.0040330743274209 0.0008066449314384 0.0000783999467669 -0.0000096857255583 0.0000062647068705 0.0000015618455193
0.8212816658291302 0.9239869177282776 0.3878068070464535 -0.0473461426295625 -0.0216512180767695 0.0135915894647008 0.0039281742266031 0.0006733251877145
0.0000319330676401 -0.0000196533367605 0.0000074564119157 0.0000015196439071 0.8296567565600923 0.9117173363648160 0.3627399723605867 -0.0310132914000443
-0.0270573754843776 0.0143066442652226 0.0037210707087985 0.0005241299137509 -0.0000128618297044 -0.0000277556638932 0.0000080192797001 0.0000013464858138
0.8379171493264700 0.8991380340121096 0.3379389250205833 -0.0154858635249888 -0.0317867974590457 0.0147100493640821 0.0034298321085578 0.0003660838182420
-0.0000542432599983 -0.0000337851643751 0.0000079953794457 0.0000010731973528 0.8460600872490447 0.8862528494783187 0.3134159694250088 -0.0007575492652147
-0.0358687669265637 0.0148314736740780 0.0030710895671323 0.0002052265555386 -0.0000909103700244 -0.0000376732737161 0.0000074551532373 0.0000007323795615
0.8540828487278003 0.8730657492441140 0.2891832710715350 0.0131784859103214 -0.0393324237942286 0.0146994024711049 0.0026600888048328 0.0000466854584980
-0.0001219484278767 -0.0000394625955561 0.0000064872763130 0.0000003562078147 0.8619827485662994 0.8595808259064190 0.2652528505741758 0.0263295959691128
-0.0422067408725165 0.0143411395139553 0.0022107420471278 -0.0001052542178965 -0.0001467781348976 -0.0000392822379735 0.0000051903518500 -0.0000000260213553
0.8697571390819131 0.8458022965640246 0.2416365777504318 0.0387036486653946 -0.0445205000164052 0.0137828103485042 0.0017356800419683 -0.0002470815603063
-0.0001651086441445 -0.0000373261477235 0.0000036660970202 -0.0000003885300427 0.8774034112013853 0.8317345011457945 0.2183461657813155 0.0503090195994417
-0.0463022685017009 0.0130493667869086 0.0012463041054280 -0.0003759947796845 -0.0001768941552412 -0.0000338341844300 0.0000020140446110 -0.0000007103947326
0.8849189955412385 0.8173819006821993 0.1953931654472093 0.0611545859893260 -0.0475803756514897 0.0121645925513618 0.0007528381341446 -0.0004898385243464
-0.0001822939548702 -0.0000290757686868 0.0000003273787114 -0.0000009755604765 0.8923013634725210 0.8027490755209605 0.1727889594424700 0.0712497201587409
-0.0483828897277662 0.0111511100711959 0.0002643805226469 -0.0005870437286686 -0.0001816357789201 -0.0000233358786812 -0.0000013101071982 -0.0000011731618036
0.8995480281694074 0.7878407234875973 0.1505447567716437 0.0806042827446663 -0.0487375951029858 0.0100303884214837 -0.0002110440753306 -0.0006665699996454
-0.0001753823674440 -0.0000169032371359 -0.0000028261030232 -0.0000012970598021 0.9066565456411754 0.7726616579917044 0.1286715872301282 0.0892286156287941
-0.0486719697262009 0.0088227523900686 -0.0006664332019033 -0.0007278505424248 -0.0001641010781813 -0.0000100604747571 -0.0000041611225771 -0.0000013457101084
0.9136245157470757 0.7572168060798175 0.1071802959720703 0.0971335345967894 -0.0482131628981800 0.0075473926596422 -0.0010957553264796 -0.0007707396174973
-0.0001484364326419 -0.0000030761249278 -0.0000052690858845 -0.0000013214556998 0.9204495831936438 0.7415112064357374 0.0860815381682358 0.1043303217296093
-0.0473879733697235 0.0062223770902090 -0.0014938989126021 -0.0007954625256148 -0.0001290854633967 0.0000038017283121 -0.0000061174134795 -0.0000012301389776
0.9271294385139778 0.7255500073292284 0.0653857737565632 0.1108307175312503 -0.0462228277771738 0.0048646630868563 -0.0018566218785970 -0.0008025681071348
-0.0001067757294253 0.0000103503088974 -0.0000066866311859 -0.0000010799845856 0.9336618190285497 0.7093384645140107 0.0451032622880449 0.1166469127974452
-0.0447437594288774 0.0034901110367836 -0.0021805015098722 -0.0007928837415560 -0.0000822458764374 0.0000163756853844 -0.0000069695402700 -0.0000008815879337
0.9400445097870928 0.6928819390760093 0.0252440578705445 0.1217915402299582 -0.0429763874561487 0.0021134987988487 -0.0024628848796312 -0.0007674728311518
-0.0000562286045803 0.0000217150800036 -0.0000069702124118 -0.0000006466423746 0.9462753444911453 0.6761858952328329 0.0058180042131108 0.1262776658012811
-0.0409458963420132 0.0007485372280930 -0.0027018398338613 -0.0007275947473264 -0.0000294359207104 0.0000262381413393 -0.0000067026637911 -0.0000003876549096
0.9523522063968147 0.6592558980854929 -0.0131652702267155 0.1301187798746678 -0.0386770158407877 -0.0005921132829378 -0.0028961065960780 -0.0006746672145721
-0.0000025465429050 0.0000298472836554 -0.0000061894283909 -0.0000001172750348 0.9582730291973546 0.6420976113233783 -0.0316963569901363 0.1333287880845695
-0.0361940013012845 -0.0018968252650881 -0.0030450500456012 -0.0006102311068859 0.0000238046636235 0.0000324772244329 -0.0000054600490688 0.0000001522808270
0.9640357978851459 0.6247167948835501 -0.0497660722564811 0.1359220019826772 -0.0335206144061466 -0.0031549856553818 -0.0031486127228355 -0.0005359176254849
0.0000490353563453 0.0000340938378058 -0.0000045495043507 0.0000004095865406 0.9696385495926843 0.6071193025654126 -0.0673654613723881 0.1379131294548978
-0.0306801043395952 -0.0043569763220102 -0.0032072686135893 -0.0004534178241611 0.0000726226000315 0.0000346924219602 -0.0000034966827735 0.0000006443422897
0.9750793744121875 0.5893110796018638 -0.0844858032684962 0.1393172649147173 -0.0276951893955290 -0.0054941536526626 -0.0032219777634883 -0.0003644544481843
0.0000941081034919 0.0000342954877900 -0.0000023428376859 0.0000008479072162 0.9803564161934412 0.5712981601880403 -0.1011186147614081 0.1401498792785363
-0.0245880390376955 -0.0065588272277608 -0.0031941417725488 -0.0002707560442795 0.0001131019207342 0.0000329501913213 -0.0000011301916799 0.0000010132063332
0.9854678733195266 0.5530866649687849 -0.1172556547387501 0.1404268097286623 -0.0213802564232903 -0.0075442376011325 -0.0031255602188706 -0.0001740333035579
0.0001292847374473 0.0000307254440778 0.0000000994160800 0.0000011350579724 0.9904119994600564 0.5346827984860033 -0.1328889282252113 0.1401642492697896
-0.0180928614011084 -0.0084445332109367 -0.0030183880586963 -0.0000759575897445 0.0001424088645942 0.0000277088361915 0.0000013056936619 0.0000012102142313
0.9951871043015839 0.5160928465870748 -0.1480106903275025 0.1393787360848801 -0.0147462739950257 -0.0092547464445421 -0.0028750940498322 0.0000218583928819
0.0001522980463563 0.0000240034226036 0.0000024509943521 0.0000012371619311 0.9997915542548437 0.4973231737955199 -0.1626134500562402 0.1380871426964883
-0.0113602983832766 -0.0099707688815458 -0.0026984202430595 0.0001178778428843 0.0001588461998216 0.0000197244252792 0.0000035012250687 0.0000012163787227
1.0042237731385002 0.4783802206451351 -0.1766899740228187 0.1363066649396772 -0.0079541073836831 -0.0105893257396449 -0.0024913425858735 0.0002106550681974
0.0001620151975939 0.0000149959574373 0.0000044265885792 0.0000011499823495 1.0084822428390818 0.4592705009788226 -0.1902332900094017 0.1340548107527679
-0.0045462274546851 -0.0111079495487697 -0.0022570326807443 0.0002988487120327 0.0001618317977389 0.0000099477885438 0.0000052021447515 0.0000010415945005
1.0125655039468064 0.4400005992133719 -0.2032366904102225 0.1313493887922755 -0.0011545242216318 -0.0115249530793103 -0.0019988207394768 0.0003812330543850
0.0001583838214307 0.0000047122121088 0.0000058082874195 0.0000008962360039 1.0164721563669967 0.4205771675714461 -0.2156937355424549 0.1282084968784711
0.0022038114624514 -0.0118394015508481 -0.0017201597729340 0.0004567074501598 0.0001518156924236 -0.0000005789339862 0.0000062309927040 0.0000007199766675
1.0202008599068033 0.4010069232820679 -0.2275982568249751 0.1246505102781101 0.0055122769128563 -0.0120510841483383 -0.0014245910551339 0.0005243039652321
0.0001423234218348 -0.0000057970669392 0.0000064619121777 0.0000005198010621 1.0237503348369734 0.3812966457508898 -0.2389443598234060 0.1206940698309535
0.0087550704574285 -0.0121604848730579 -0.0011157108981857 0.0005831932754824 0.0001301491423521 -0.0000108194288973 0.0000064983776112 0.0000003031748314
1.0271193624283930 0.3614531737015690 -0.2497264271599032 0.1163580699267911 0.0119171037209492 -0.0121687527562925 -0.0007971387736417 0.0006326888947228
0.0001155752813860 -0.0000155314265238 0.0000063432188253 0.0000000779930169 1.0303067854631622 0.3414834022895648 -0.2599391212862089 0.1116616463397660
0.0149840133418866 -0.0120776714639617 -0.0004724868142594 0.0006722498001608 0.0000989184590286 -0.0000198286807311 0.0000060044475381 -0.0000001478867033
1.0333115087199729 0.3213942801897070 -0.2695773871185679 0.1066241639268678 0.0179421721141380 -0.0118896283210078 -0.0001453307285523 0.0007014815255489
0.0000805231983895 -0.0000236188156696 0.0000054949191006 -0.0000003666781253 1.0361324994335475 0.3011928066588772 -0.2786364545331738 0.1012652041975450
0.0207786995466834 -0.0116075827846216 0.0001808178411507 0.0007201357952053 0.0000607555255748 -0.0000268229204291 0.0000048317656883 -0.0000005710932778
1.0387687877279448 0.2808860285751748 -0.2871118407208814 0.0956045527614536 0.0234814718345317 -0.0112350343958959 0.0005025374876386 0.0007281087711252
0.0000399965388728 -0.0000293767252731 0.0000040359025155 -0.0000007545545993 1.0412194670235240 0.2604810374549405 -0.2949993523999921 0.0896621866614237
0.0260391312346413 -0.0107759902397711 0.0008165217073918 0.0007254379904903 0.0000186360195166 -0.0000312314580638 0.0000031312941762 -0.0000009111308242
1.0434836944173780 0.2399849664490236 -0.3022950878859924 0.0834582615987980 0.0284410948408950 -0.0102349319434964 0.0011196020426292 0.0007122980697820
-0.0000029338511082 -0.0000323543903114 0.0000021443535986 -0.0000010360405431 1.0455606910370630 0.2194049873196911 -0.3089954390171992 0.0770130990583401
0.0306775627526248 -0.0096167822442028 0.0014087696722475 0.0006889952544682 -0.0000243245958454 -0.0000327290801115 0.0000011031676032 -0.0000011255473660
1.0474497423674605 0.1987483073995850 -0.3150970929353329 0.0703471733399816 0.0327395256315068 -0.0089268711564462 0.0016811954295134 0.0006559608941212
-0.0000451573173596 -0.0000323553143140 0.0000000367574775 -0.0000011770451627 1.0491501985506213 0.1780221665341414 -0.3205970337201239 0.0634810985047163
0.0346187716420918 -0.0081709017708245 0.0019342482248637 0.0006137439244637 -0.0000650682769003 -0.0000312487641763 -0.0000010256208983 -0.0000011892769442
1.0506614746584502 0.1572338340088966 -0.3254925438771180 0.0564356152420029 0.0363078927715816 -0.0073549157151297 0.0021655118549102 0.0005630024386063
-0.0000837141381256 -0.0000294403681700 -0.0000020552321257 -0.0000011621729827 1.0519830509381083 0.1363906054631095 -0.3297812056779323 0.0492315776660777
0.0378002905248853 -0.0064852583096168 0.0023728001799193 0.0005044944311317 -0.0001007768171515 -0.0000269754606005 -0.0000030245485286 -0.0000010969265795
1.0531144730300195 0.1154997997911384 -0.3334609023522840 0.0418899400486198 0.0390901809913682 -0.0055685434482745 0.0025541706538034 0.0004390677993733
-0.0001159679045574 -0.0000239126626826 -0.0000039079055485 -0.0000009958952919 1.0540553521583778 0.0945687560330148 -0.3365298191311841 0.0344317434952446
0.0401725992801223 -0.0046116182381128 0.0027079361927606 0.0003676496875641 -0.0001290326141927 -0.0000203225622444 -0.0000046821190167 -0.0000008625510862
1.0548053652940736 0.0736048302556647 -0.3389864441407766 0.0268781025733333 0.0410434033209437 -0.0036215274287020 0.0028326753697824 0.0002912352596336
-0.0001397532351116 -0.0000162862014280 -0.0000053269799150 -0.0000007013480604 1.0553642552899520 0.0526153924262276 -0.3408295691463643 0.0192501918987305
0.0416992770286783 -0.0026054776642918 0.0029272409248793 0.0002108759878191 -0.0001479520466743 -0.0000118934041201 -0.0000058257620867 -0.0000005175581289
1.0557318309883588 0.0316078232789340 -0.3420582901462516 0.0115692326888686 0.0421377328288963 -0.0015708015910093 0.0029907665818838 0.0001276675442051
-0.0001534936825038 -0.0000072409663973 -0.0000061655673445 -0.0000003171347452 1.0559079673009060 0.0105895111769980 -0.3426720078150979 0.0038564792898912
0.0423571135433807 -0.0005249218516913 0.0030226721646511 0.0000427373832924 -0.0001562869179061 -0.0000024307396716 -0.0000063376456791 -0.0000001065423037
1.0558926052604318 -0.0104321510290093 -0.3426704277965675 -0.0038667943146345 0.0423565936342111 0.0005246849989620 0.0030226670077824 -0.0000427678963745
-0.0001562858691480 0.0000024323616355 -0.0000063375807863 0.0000001074485858 1.0556857520451304 -0.0314497691448424 -0.3420535608451210 -0.0115793080058188
0.0421361798056811 0.0015705246262331 0.0029907516581329 -0.0001276953230185 -0.0001534905960425 0.0000072423984844 -0.0000061653620780 0.0000003180047876
1.0552874809748343 -0.0524559507768557 -0.3408217228168841 -0.0192597890347574 0.0416967109637137 0.0026051210614689 0.0029272178652000 -0.0002108983661304
-0.0001479470988512 0.0000118944638140 -0.0000058254430060 0.0000005183620056 1.0546979314794598 -0.0734433084754014 -0.3389755345095953 -0.0268869855234439
0.0410398575327786 0.0036210528296623 0.0028326468609197 -0.0002912497061352 -0.0001397467149906 0.0000162867210609 -0.0000053265764173 0.0000007020663176
1.0539173090396228 -0.0944044628758874 -0.3365159213517222 -0.0344396799536786 0.0401681201307987 0.0046109890257744 0.0027079059303572 -0.0003676538705874
-0.0001290249155216 0.0000203223956203 -0.0000046816537861 0.0000008631696550 1.0529458850994600 -0.1153320458360317 -0.3334441129408979 -0.0418967026363813
0.0390848276028689 0.0055677253071263 0.0025541432771585 -0.0004390596483823 -0.0001159595139243 0.0000239116923546 -0.0000039074224107 0.0000009963591035
1.0517839969516882 -0.1362187035678489 -0.3297616424319202 -0.0492369451537182 0.0377941344150650 0.0064842197691894 0.0023727811891203 -0.0005044721938281
-0.0001007683010168 0.0000269736014002 -0.0000030240839673 0.0000010972405105 1.0504320475949636 -0.1570570997629112 -0.3254703457746229 -0.0564393737664756
0.0363010174099998 0.0073536286722439 0.0021655075112251 -0.0005629647327947 -0.0000837061247049 0.0000294375739729 -0.0000020548286718 0.0000011623273383
1.0488905055636015 -0.1778399187094271 -0.3205723608020072 -0.0634830427791253 0.0346112719262022 0.0081693419864250 0.0019342654348490 -0.0006136897835214
-0.0000650614392842 0.0000312450290085 -0.0000010253251071 0.0000011892678435 1.0471599047297402 -0.1985598683996854 -0.3150701261690994 -0.0703471078550567
0.0327315072837685 0.0089250187228567 0.0016812416144279 -0.0006558898054926 -0.0000451523514149 0.0000323506770079 0.0000000368834327 0.0000011768648600
1.0452408440780325 -0.2192096836264170 -0.3089663801430747 -0.0770108392744711 0.0306691416391798 0.0096146220186874 0.0014088526235441 -0.0006889071899936
-0.0000243222001858 0.0000327236216431 0.0000011030955257 0.0000011251956749 1.0431339874529841 -0.2397821290666329 -0.3022641592452600 -0.0834536351274736
0.0284323962125331 0.0102324539440162 0.0011197297651386 -0.0007121935074114 -0.0000029347012163 0.0000323482368832 0.0000021440489849 0.0000010355616658
1.0408400632790413 -0.2602700023515021 -0.2949667967457113 -0.0896550344349245 0.0260302888908707 0.0107731899989342 0.0008167022516751 -0.0007253179265742
0.0000186312918641 0.0000312247762709 0.0000031307261345 0.0000009104997876 1.0383598642535670 -0.2806661371208412 -0.2870779210111250 -0.0955947301896589
0.0234726272116519 0.0112319132690632 0.0005027787730454 -0.0007279747228067 0.0000399873713895 0.0000293697204001 0.0000040350395520 0.0000007537846766
1.0356942470128447 -0.3009634060607937 -0.2786014537069302 -0.1012525823107248 0.0207700007308203 0.0116041482082697 0.0001811274717171 -0.0007199897923413
0.0000607414464445 0.0000268158279000 0.0000048306144943 0.0000005702992617 1.0328441317712651 -0.3211547239232861 -0.2695416078544667 -0.1066086305033371
0.0179337727803309 0.0118858940174524 -0.0001449456536878 -0.0007013260918343 0.0000805038509642 0.0000236119000914 0.0000054934763621 0.0000003657873601
1.0298105019338626 -0.3412330505258570 -0.2599028857442443 -0.1116431070172975 0.0149760716203214 0.0120736575886006 -0.0004720198937297 -0.0006720879236348
0.0000988936188073 0.0000198222225202 0.0000060027483178 0.0000001469843370 1.0265944036823849 -0.3611913937304645 -0.2496900767063374 -0.1163364492966859
0.0119097809916018 0.0121644859836692 -0.0007965844976118 -0.0006325239869148 0.0001155448759198 0.0000155257174857 0.0000063412778128 -0.0000000788493755
1.0231969455350811 -0.3810228123998878 -0.2389082547390518 -0.1206693125136903 0.0087485300743913 0.0121559984180395 -0.0011150648407589 -0.0005830291196396
0.0001301132662042 0.0000108147630371 0.0000064962549036 -0.0000003039947041 1.0196192978804177 -0.4007204193303504 -0.2275627759970614 -0.1246225819795028
0.0055066828597191 0.0120464177188018 -0.0014238500627601 -0.0005241446540161 0.0001422823474061 0.0000057937256213 0.0000064596639566 -0.0000005205448247
1.0158626924849354 -0.4202773841590033 -0.2156592761403002 -0.1281773854252799 0.0021993269402017 0.0118346012283814 -0.0017193221462530 -0.0004565573131141
0.0001517698791829 0.0000005771782474 0.0000062286850549 -0.0000007206608894 1.0119284219754801 -0.4396869362449183 -0.2032036675449435 -0.1313151051462362
-0.0011577382726646 0.0115200711244631 -0.0019978864057062 -0.0003810965750302 0.0001583339181137 -0.0000047121533356 0.0000058060150509 -0.0000008967651288
1.0078178392960366 -0.4589423675222581 -0.1902021363779032 -0.1340173900020135 -0.0045480138972431 0.0111030441275695 -0.0022560033536718 -0.0002987304364100
0.0001617786418400 -0.0000099457296938 0.0000051999872211 -0.0000010419743723 1.0035323571394315 -0.4780370353242975 -0.1766611395363175 -0.1362661672665505
-0.0079543144886876 0.0105844605680543 -0.0024902219105232 -0.0002105595050555 0.0001619598093596 -0.0000149917650858 0.0000044246409521 -0.0000011501794533
0.9990734473541533 -0.4969643651769903 -0.1625874014535887 -0.1380436543207568 -0.0113587814958512 0.0099660127847738 -0.0026972139217801 -0.0001178093566291
0.0001587897682234 -0.0000197180276650 0.0000034995933172 -0.0000012163993649 0.9944426403265781 -0.5157178535607880 -0.1479879107735906 -0.1393323701813851
-0.0147428972596647 0.0092501728281433 -0.0028738099465003 -0.0000218210910645 0.0001522419145281 -0.0000239948207242 0.0000024497553886 -0.0000012370048601
0.9896415243388740 -0.5342910706394343 -0.1328699168947286 -0.1401151468595820 -0.0180874995440555 0.0084402194407394 -0.0030170362778327 0.0000759599737335
0.0001423545043394 -0.0000276981078682 0.0000013049486037 -0.0000012098765417 0.9846717449028922 -0.5526776629544703 -0.1172409263856130 -0.1403751405426969
-0.0213727965902214 0.0075402642892000 -0.0031241531559366 0.0001739975299679 0.0001292337195512 -0.0000307127468272 0.0000000992338013 -0.0000011345790005
0.9795350040703423 -0.5708713560842118 -0.1011086992741544 -0.1400958425930161 -0.0245783826846577 0.0065552774216217 -0.0031926941320612 0.0002706794875185
0.0001130558812622 -0.0000329357721685 -0.0000011297468924 -0.0000010126113531 0.9742330597195835 -0.5888659572659672 -0.0844812452119684 -0.1392610903572019
-0.0276832542310563 0.0054911119252783 -0.0032205065410450 0.0003643352158288 0.0000940687027273 -0.0000342796781222 -0.0000023417392687 -0.0000008471766780
0.9687677248193457 -0.6066553579802921 -0.0673668195160333 -0.1378550777803128 -0.0306658263158753 0.0043545277599398 -0.0032057930384251 0.0004532548722272
0.0000725914747522 -0.0000346756301301 -0.0000034949048858 -0.0000006435207145 0.9631408666697344 -0.6242335364960818 -0.0497739190896049 -0.1358623658183871
-0.0335039497570186 0.0031532147428086 -0.0031471541565534 0.0005357108670342 0.0000490140718229 -0.0000340765532536 -0.0000045470695076 -0.0000004087083876
0.9573544061208628 -0.6415945603753429 -0.0317112782244590 -0.1332678926436911 -0.0361749286247992 0.0018958146615339 -0.0030436318336119 0.0006099815122879
0.0000237946571355 -0.0000324599973359 -0.0000054569809675 -0.0000001514285836 0.9514103167694719 -0.6587325889364827 -0.0131878642865860 -0.1300569836368377
-0.0386555382240252 0.0005919424924706 -0.0028947538675616 0.0006743768983596 -0.0000025440196068 -0.0000298307184851 -0.0000061858140051 0.0000001180527729
0.9453106241339142 -0.6756418756749890 0.0057871267124746 -0.1262153611601070 -0.0409220435257698 -0.0007477932980243 -0.0027005792461287 0.0007272670405114
-0.0000294198594383 -0.0000262228855458 -0.0000066985982380 0.0000003884225423 0.9390574048078731 -0.6923167706403955 0.0252042746564175 -0.1217291541064097
-0.0429502180370723 -0.0021117713908086 -0.0024617443028607 0.0007671123342009 -0.0000561983037947 -0.0000217017876392 -0.0000069658327245 0.0000006472562393
0.9326527855932191 -0.7087517227684352 0.0450539399747732 -0.1165849072184757 -0.0447153630965595 -0.0034873392106802 -0.0021795096481862 0.0007924963541475
-0.0000822009984553 -0.0000163650076502 -0.0000069650057910 0.0000008820593389 0.9260989426123923 -0.7249412821673206 0.0653262684009704 -0.1107695901729515
-0.0461923275836797 -0.0048607955026936 -0.0018558078229655 0.0008021610316593 -0.0001067163587496 -0.0000103428602847 -0.0000066821342851 0.0000010802892086
0.9193981004007289 -0.7408801023571087 0.0860111958354518 -0.1042706064242436 -0.0473555280289875 -0.0062173739076915 -0.0014932916215508 0.0007950442388894
-0.0001290121582315 -0.0000037980605674 -0.0000061131738513 0.0000012302380302 0.9125525309791410 -0.7565629424611269 0.1070984533113843 -0.0970758018030644
-0.0481789691126151 -0.0075412275558916 -0.0010953830302271 0.0007703198067614 -0.0001483502707978 0.0000030755486489 -0.0000052652971278 0.0000013214228007
0.9055645529075873 -0.7719846693484606 0.1285775720604425 -0.0891734728647680 -0.0486362645379043 -0.0088154146964929 -0.0006663227256752 0.0007274400014487
-0.0001640036915915 0.0000100553243468 -0.0000041580269102 0.0000013454427157 0.8984365303197599 -0.7871402597265337 0.1504378886761111 -0.0805523749827163
-0.0487006582667912 -0.0100218853807666 -0.0002112200774114 0.0006661804785362 -0.0001752759669000 0.0000168933431837 -0.0000028239072890 0.0000012966188800
0.8911708719394402 -0.8020248021828298 0.1726685503718870 -0.0712017301820431 -0.0483450461034237 -0.0111414692152473 0.0002638964023483 0.0005866877323635
-0.0001815231602403 0.0000233212547476 -0.0000013089932193 0.0000011725826996 0.8837700300789677 -0.8166334991748310 0.1952585203317241 -0.0611112347093235
-0.0475419976121879 -0.0121538642007291 0.0007520282195414 0.0004895290560737 -0.0001821784875159 0.0000290566486829 0.0000003272480205 0.0000009748396865
0.8762364996202910 -0.8309616689672752 0.2181965831500146 -0.0502710663338223 -0.0462637783561146 -0.0130376266722784 0.0012451557278844 0.0003757450205547
-0.0001767797463675 0.0000338110489626 0.0000020125760118 0.0000007095974278 0.8685728169790639 -0.8450047475158591 0.2414713503583568 -0.0386718913761149
-0.0444823724414179 -0.0137701623544533 0.0017341866865502 0.0002469044811529 -0.0001649996750122 0.0000372997332809 0.0000036632435271 0.0000003876740212
0.8607815590522621 -0.8587582902965403 0.2650712660363109 -0.0263048714600460 -0.0421695053537503 -0.0143277185452634 0.0022089046058879 0.0001051621158829
-0.0001466793672650 0.0000392535456075 0.0000051861533687 0.0000000252432183 0.8528653421498060 -0.8722179740796185 0.2889846125033159 -0.0131616699841293
-0.0392966670714886 -0.0146853774414236 0.0026579169412884 -0.0000466815041095 -0.0001218648700094 0.0000394328909716 0.0000064818753550 -0.0000003568520038
0.8448268209106810 -0.8853795986478009 0.3131995160888796 0.0007655416913427 -0.0358351354412329 -0.0148170506169165 0.0030686031964039 -0.0002051173158443
-0.0000908471011569 0.0000376440720389 0.0000074487650091 -0.0000007329354897 0.8366686872040463 -0.8982390884574885 0.3377039529781379 0.0154840783450630
-0.0317559998005302 -0.0146954746657653 0.0034270629972633 -0.0003658626436643 -0.0000542052054342 0.0000337581761949 0.0000079883623636 -0.0000010734173581
0.8283936690158450 -0.9107924942425439 0.3624857551298227 0.0310007352867726 -0.0270301848325916 -0.0142922080191918 0.0037180641990213 -0.0005237935639923
-0.0000128534821275 0.0000277327616759 0.0000080120600349 -0.0000013465634453 0.8200045293214160 -0.9230359945598305 0.3875326162636526 0.0473217830438715
-0.0216284746377048 -0.0135776289466071 0.0039249910880811 -0.0006728747737696 0.0000319079910135 0.0000196364333167 0.0000074495420101 -0.0000015194436205
0.8115040649446321 -0.9349658972758436 0.4128320979141278 0.0644529623456980 -0.0155215370058065 -0.0125209347487897 0.0040297927420720 -0.0008060869740079
0.0000783389154525 0.0000096766791184 0.0000062587847087 -0.0000015614513398 0.8028951054040836 -0.9465786409937723 0.4383716355476633 0.0823994794083931
-0.0086799478746016 -0.0110901421509221 0.0040129316109367 -0.0009153517936296 0.0001242003845498 -0.0000017689392765 0.0000044382211144 -0.0000014472174949
0.7941805117468309 -0.9578707964203863 0.4641385447399869 0.1011660015231296 -0.0010742159574386 -0.0092520889022670 0.0038533323824507 -0.0009914542749052
0.0001666924335700 -0.0000141179605658 0.0000020409318626 -0.0000011614305502 0.7853631753702663 -0.9688390676721311 0.4901200274106742 0.1207566529503116
0.0073251924749655 -0.0069724365883136 0.0035283311956793 -0.0010239629495777 0.0002023874056624 -0.0000265443312632 -0.0000008085919870 -0.0000007040816505
0.7764460168326192 -0.9794802935198838 0.5163031781116837 0.1411750111221748 0.0165478286749392 -0.0042156746604116 0.0030136252661844 -0.0010011475358051
0.0002271590180230 -0.0000379355925559 -0.0000038951346942 -0.0000000974907045 0.7674319846526512 -0.9897914485718250 0.5426749903667183 0.1624241031560582
0.0266232363765522 -0.0009451256870048 0.0022832229868558 -0.0009098942915112 0.0002361070118126 -0.0000468457357750 -0.0000068904660158 0.0000006051294056
0.7583240540990790 -0.9997696443939308 0.5692223630582179 0.1845064026804388 0.0375809266488094 0.0028770481703355 0.0013093945682501 -0.0007356190624790
0.0002234772792495 -0.0000514434344652 -0.0000093278108987 0.0000013094924946 0.7491252259702944 -1.0094121305675969 0.5959321068587663 0.2074238269756542
0.0494503526596341 0.0072898374537204 0.0000626232821688 -0.0004621780663649 0.0001825773506167 -0.0000494554402317 -0.0000105729271616 0.0000018686165902
0.7398385253649200 -1.0187162956839679 0.6227909507036695 0.2311777344310630 0.0622608843670158 0.0123333764771860 -0.0014884426271701 -0.0000717764594702
0.0001056871443853 -0.0000381048204532 -0.0000097912835756 0.0000020679148346 0.7304670004437712 -1.0276796682745455 0.6497855483014522 0.2557689223202186
0.0760417831538019 0.0180489331658361 -0.0033770373012188 0.0004551252666375 -0.0000160351308289 -0.0000140438236586 -0.0000059112153122 0.0000016090707846
0.7210137211837852 -1.0362999176776988 0.6769024846789860 0.2811976248954559 0.0908221764225809 0.0244788976662640 -0.0056383238301788 0.0011399070037987
-0.0001926520151840 0.0000267189305150 0.0000024174168295 0.0000000902105077 0.7114817781244809 -1.0445748548407274 0.7041282827579629 0.3074635118031200
0.1066310321672566 0.0316667697294794 -0.0083094399581263 0.0020058868072453 -0.0004355508765080 0.0000888972031805 0.0000168693809351 -0.0000030162002860
