0.8426364591185460 -0.8910190784377230 -0.3325694342869078 -0.0151150452811372 -0.0320606268448981 -0.0147850586178763 -0.0035681373227352 -0.0004692309929302 -0.0000308030901908 -0.0000305424380052 -0.0000080055121066 0.0000012392002631
0.9794963418819385 0.5741725246927809 0.1042216401999903 -0.1392600873194098 -0.0245198957903890 -0.0063777976717222 0.0032014211265074 -0.0002579387222495 0.0001201796184545 -0.0000334699734526 0.0000011819661807 -0.0000010166658920
1.0127247576893610 -0.4406659696348985 0.1995473677166044 0.1316909687744627 -0.0013940632765337 0.0116151505053807 0.0021288530237639 -0.0003177261687740 0.0001621817686610 0.0000093916808076 -0.0000054173551459 0.0000010416720471
0.7813608826188434 0.9768521047820591 -0.4985506401975949 0.1232606619623261 0.0082165901509025 0.0067146243368371 -0.0035877576253790 0.0010457712967970 0.0002227370901089 -0.0000355168076423 0.0000034955998142 -0.0000001219357423
1.0530054822998030 0.1234066093175931 0.3342141931740761 -0.0412048323220309 0.0396975332356183 -0.0058875016014366 -0.0026070736052310 0.0004243392621195 -0.0001224359029509 0.0000229816279759 0.0000040985671437 0.0000009752285369
0.8792445710104081 -0.8278889491973460 -0.2208508998201771 0.0463807009893850 -0.0454578068070921 -0.0131160831742673 -0.0014498841997056 0.0002739901045623 -0.0001627298735086 -0.0000357484566592 -0.0000031351933620 -0.0000004666409959
0.9533264828885597 0.6563653004448508 0.0226830249826413 -0.1311805134415087 -0.0381734609136651 -0.0006546557561220 0.0029108861678307 -0.0006351292755307 0.0000070759554251 -0.0000294009194005 0.0000059297632701 0.0000001026072627
1.0294685895490261 -0.3489664603049290 0.2539034620338621 0.1146849654935901 0.0138863881466863 0.0123150792893759 0.0006912667797095 -0.0006273896331564 0.0001103070959337 -0.0000150597887134 -0.0000060608590435 0.0000000674156062
0.7387752050143410 1.0229710442533637 -0.6229329502438630 0.2256706142900187 0.0599358221230994 -0.0123602650204866 0.0017795684837028 -0.0000591786056160 0.0000697673223515 -0.0000302044206366 0.0000087431596859 0.0000020719429231
1.0456666243832948 0.2203585148727923 0.3115786489869989 -0.0739421885993565 0.0317399894796115 -0.0096868682883335 -0.0015048980155956 0.0006647389106550 -0.0000308454494050 0.0000312544483787 -0.0000009006833805 0.0000010810228139
0.9130060289492423 -0.7585576260588650 -0.1164603477061590 0.0913864368188109 -0.0477707221111501 -0.0080217923168862 0.0008481462176835 0.0007249868586219 -0.0001548618970444 -0.0000088912856831 0.0000041658442081 -0.0000013117650812
0.9237654950254326 0.7336193791220326 -0.0688190291242387 -0.1096509062203517 -0.0473864942938542 0.0059107099358349 0.0016153216412889 -0.0007739016150658 -0.0001209035893111 -0.0000042731087668 0.0000059747408780 0.0000011919598153
1.0422527412183837 -0.2545825489200848 0.2958213570323662 0.0899492001285850 0.0270006539913500 0.0108609529682274 -0.0008592927779018 -0.0007240272656835 0.0000142051383811 -0.0000306502541279 -0.0000028168634814 -0.0000009069082568
0.7238551584180201 -1.0344842953764648 -0.6839030895348094 -0.2903045133720080 0.0952266373708784 0.0263897402531947 0.0066395277303930 0.0016132456156149 -0.0003519508026019 -0.0000749674641278 -0.0000147297553217 0.0000027925575244
1.0342471839857339 0.3156457404386194 0.2758788228349033 -0.1020783187695817 0.0199325479759156 -0.0119078752999766 -0.0000289537903201 0.0007004277802306 0.0000744148861799 0.0000236215132662 -0.0000053755042649 0.0000003775359909
0.9436728532753462 -0.6835121417756565 -0.0205212999290157 0.1209240587263756 -0.0418060646642358 -0.0016340652472596 0.0025334525789404 0.0007765190988083 -0.0000527777956017 0.0000218298008412 0.0000068643541916 -0.0000006444310181
0.8910320905757463 0.8053748554276206 -0.1693016623750735 -0.0733224568452069 -0.0496247600444140 0.0119426400109593 -0.0004966697229236 -0.0005464357483248 -0.0001914356400300 0.0000289134884190 0.0000000209220589 0.0000010563616423
1.0509814415524497 -0.1582312502814611 0.3248494149272946 0.0594801195999712 0.0367239993090419 0.0076217523895350 -0.0021699481326937 -0.0005938144064931 -0.0000868535228538 -0.0000306627440973 0.0000022214685893 -0.0000012169933159
0.7671082128129803 -0.9913968204767906 -0.5580233846101995 -0.1778097159422732 0.0333753311196574 0.0011878292888429 -0.0018019176437640 -0.0008575641816223 0.0002507746149692 0.0000583647505529 0.0000106870420823 -0.0000015802837184
1.0188329429280771 0.4085427626600846 0.2274974501508002 -0.1235711628217823 0.0053222749712823 -0.0120823675326921 0.0014955843138640 0.0005088495051930 0.0001525061844687 0.0000030195474203 -0.0000066351782468 -0.0000006690393973
0.9710186610158551 -0.6032917400663500 0.0659337071391912 0.1362335674894357 -0.0301995102348647 0.0044525265159020 0.0032576437198373 0.0005036889021521 0.0000693495391209 0.0000360849834541 0.0000038750106182 0.0000006078738733
0.8553672711590340 0.8711220704047934 -0.2776853263914989 -0.0210548339870361 -0.0421607689244587 0.0155409808315937 -0.0028433278997782 0.0000480580384161 -0.0001366022723334 0.0000440363280763 -0.0000075955438501 -0.0000005375468136
1.0555892406240766 -0.0606477621900517 0.3406745591649134 0.0253532921378892 0.0422038750444453 0.0031781015859169 -0.0029645029097210 -0.0002861148418252 -0.0001547901048409 -0.0000159788641701 0.0000061160838596 -0.0000006920557459
0.8083280640822191 -0.9410339681093468 -0.4358418592579502 -0.0833976506654806 -0.0088202841255797 -0.0113061528546758 -0.0042235379754013 -0.0010454370256292 0.0001621062178397 0.0000111991964225 -0.0000029405391751 0.0000013415726993
0.9995394466089695 0.4983460721849869 0.1669536072817234 -0.1364709376055854 -0.0106818003823530 -0.0099968061880056 0.0026962628473463 0.0001347366588425 0.0001687792431458 -0.0000206422333967 -0.0000036792240154 -0.0000012849205367
0.9948407134072745 -0.5184830759424678 0.1419741751237564 0.1387545406000069 -0.0153695521670900 0.0091474860433713 0.0030024760689236 0.0000660377800910 0.0001500952000866 0.0000285435196416 -0.0000016741023483 0.0000012948132567
0.8170321510995913 0.9304061150017665 -0.3928053296788852 0.0480665418221956 -0.0221218921323272 0.0142543485522096 -0.0043328263462604 0.0007730696485622 0.0000518032244600 0.0000163539935712 -0.0000074872200076 -0.0000017234981388
1.0560416068102858 0.0374213108847500 0.3431256377306230 -0.0103053871026043 0.0429743112951773 -0.0017556244399832 -0.0030827928455357 0.0001042417221549 -0.0001649122312132 0.0000059899215637 0.0000066768883835 0.0000002820622210
0.8472176113689502 -0.8837106078036193 -0.3186740859275509 -0.0067525151947831 -0.0343721364225063 -0.0148496486126394 -0.0033602011295257 -0.0003737435454893 -0.0000538779714618 -0.0000336425135048 -0.0000078823112755 0.0000010635194212
0.9765109496421998 0.5843806300567708 0.0948971443969563 -0.1389473767980212 -0.0263326956827991 -0.0057627727987728 0.0032186840846386 -0.0003107053078790 0.0001091603268699 -0.0000341612945696 0.0000018802726106 -0.0000009167707477
1.0149617540420672 -0.4297149389075018 0.2067816120102382 0.1301051486136789 0.0005244581989293 0.0118205908006327 0.0019732016038711 -0.0003644762208002 0.0001593175385479 0.0000063345167154 -0.0000057237140809 0.0000009508506261
0.7763056067430664 0.9828307843345284 -0.5134242815903455 0.1347160086617975 0.0134583320149289 0.0050652630010126 -0.0032435365329496 0.0010174448166608 0.0002340683250800 -0.0000417728815358 0.0000053991756922 0.0000003055671520
1.0523352416384157 0.1352248495959566 0.3321752632711296 -0.0453491066902179 0.0389637511428208 -0.0064118678334748 -0.0025020998800185 0.0004622214836400 -0.0001133040271367 0.0000247433490937 0.0000035658481911 0.0000010331807083
0.8834944804945605 -0.8198045669880654 -0.2077813742696076 0.0526972650380130 -0.0462714531273899 -0.0126333218780754 -0.0011602909045228 0.0003486945942062 -0.0001689008225997 -0.0000336539163189 -0.0000021885508042 -0.0000006491551827
0.9499191014664162 0.6660060365949166 0.0121017180633348 -0.1293155008729351 -0.0395753681936490 0.0001191128453958 0.0028066621185518 -0.0006678861606881 -0.0000089289043317 -0.0000273653545727 0.0000062510990919 0.0000002612971678
1.0312316192613267 -0.3376525515144888 0.2596583068373283 0.1120589755835247 0.0156194795421394 0.0122485694823379 0.0005018291590763 -0.0006513784161620 0.0001002958982706 -0.0000176218825837 -0.0000058495261644 -0.0000000668815692
0.7334817751186226 1.0280619442152350 -0.6382452981570245 0.2393161406632478 0.0675864195681359 -0.0156122593031258 0.0028954306915015 -0.0003688800470794 -0.0000052449177071 -0.0000140293132226 0.0000056455840440 0.0000015561107427
1.0444981092341354 0.2320141572632384 0.3079401097419524 -0.0776398046880649 0.0304962169955573 -0.0100515175465491 -0.0013401335295686 0.0006810018321811 -0.0000180202381192 0.0000311915566828 -0.0000015324081212 0.0000010345410328
0.9168935538384022 -0.7497534497300356 -0.1043573117949438 0.0957687536678117 -0.0474342611181199 -0.0072796026826875 0.0010957333716387 0.0007522845314919 -0.0001460805961303 -0.0000048405948567 0.0000048149485191 -0.0000013023798494
0.9199613851119413 0.7426223507716006 -0.0805434997810337 -0.1060595996496575 -0.0480820756065541 0.0067032176576391 0.0013953097113187 -0.0007674234690653 -0.0001340722015414 -0.0000002550890546 0.0000055466706444 0.0000012603477773
1.0435286046719012 -0.2429915002910307 0.3000348141412820 0.0865199300879662 0.0283806400903262 0.0105534483998157 -0.0010373777967304 -0.0007198814669084 0.0000013925374338 -0.0000315364825019 -0.0000022444479500 -0.0000009888717076
0.7291971267369580 -1.0296569903276969 -0.6684897249123607 -0.2756984594663186 0.0865809792222291 0.0225186552811239 0.0051831732250554 0.0011261889386109 -0.0002117610979732 -0.0000375076668733 -0.0000057782409260 0.0000007817846757
1.0325891800812161 0.3270498729761732 0.2706796623061726 -0.1050777253598862 0.0182857936842482 -0.0120449698331641 0.0001604906443602 0.0006890723004493 0.0000861364288810 0.0000216740721186 -0.0000057407958168 0.0000002546449548
0.9471693544867722 -0.6740508572821710 -0.0095150117108906 0.1235111888566664 -0.0406491031840222 -0.0008538328367902 0.0026754605656907 0.0007579999940666 -0.0000375856396437 0.0000246844961106 0.0000067693542443 -0.0000004978965856
0.8868593247676699 0.8136755018189663 -0.1820433451898119 -0.0678551314372313 -0.0492927125414553 0.0125520965705376 -0.0007851667645326 -0.0004919157919368 -0.0001924692545070 0.0000323083057363 -0.0000009684668613 0.0000009256605335
1.0517605740934950 -0.1464513599590831 0.3274760657313232 0.0554955562404462 0.0376273464020147 0.0071338893388296 -0.0022981634938631 -0.0005644120367893 -0.0000975112552315 -0.0000295687965640 0.0000028109891854 -0.0000011948207548
0.7722199359676258 -0.9856728615926197 -0.5429868209125247 -0.1654040624917365 0.0272724686779581 -0.0009237934827627 -0.0023537506524453 -0.0009668330007231 0.0002615449963782 0.0000567173440808 0.0000094526672883 -0.0000011805700456
1.0166978916738372 0.4196087903231560 0.2207934342618894 -0.1256305039464062 0.0034245050559758 -0.0119509976792375 0.0016659187976933 0.0004715882874358 0.0001582984880986 0.0000000607504845 -0.0000064950548633 -0.0000007821339466
0.9740982609381932 -0.5932420470120283 0.0757247921430050 0.1371898056224262 -0.0285277058217860 0.0051125182961284 0.0032764765239906 0.0004558676491220 0.0000822703474680 0.0000362838011140 0.0000032537380396 0.0000007389138170
0.8508564800831728 0.8786622391449069 -0.2913073131392712 -0.0135882677793473 -0.0404595603866610 0.0156999607994282 -0.0030974804977343 0.0001370670809110 -0.0001199035411860 0.0000432580536650 -0.0000081988522059 -0.0000007635943680
1.0558657998137595 -0.0487690751476101 0.3416860424630133 0.0210690732368041 0.0425532795440348 0.0025909493813672 -0.0030166529609155 -0.0002409804060200 -0.0001593864720367 -0.0000135062162445 0.0000063883864490 -0.0000005855766460
0.8131728253652109 -0.9344480843668067 -0.4213440200168986 -0.0731680031950849 -0.0127447540396763 -0.0121436889837221 -0.0042481761926516 -0.0009886868488252 0.0001356777367118 0.0000038846896207 -0.0000042823517424 0.0000014881031986
0.9969433314856009 0.5089905128202501 0.1588166816718662 -0.1373614223165658 -0.0126362476888216 -0.0095918410882921 0.0028020953187410 0.0000816957853765 0.0001655721001313 -0.0000230813246822 -0.0000030836336892 -0.0000012975539200
0.9974805302915125 -0.5079190722524939 0.1504446725044058 0.1382669976182369 -0.0134592897155854 0.0095872893293012 0.0029131408668819 0.0000102714718897 0.0001552526233899 0.0000263996455855 -0.0000023156522684 0.0000013077309546
0.8122162472432658 0.9371345715482603 -0.4071612189343919 0.0576271589554573 -0.0186958251138478 0.0136273431979459 -0.0043798517979518 0.0008454511948666 0.0000793235748296 0.0000099278169472 -0.0000065346788668 -0.0000016844212070
1.0558135257198795 0.0493078336158078 0.3425109545234954 -0.0146295127754326 0.0427400019131994 -0.0023502205783800 -0.0030485688274466 0.0001516842089688 -0.0001617808951695 0.0000086471553373 0.0000064791755758 0.0000003986094857
0.8517603404627897 -0.8763053097622057 -0.3048710530635371 0.0013569731452343 -0.0364830660668310 -0.0148302659800375 -0.0031334256899046 -0.0002780360249969 -0.0000752446370587 -0.0000360186719040 -0.0000075921569371 0.0000008672929344
0.9734731504651297 0.5945238788577700 0.0854146629184954 -0.1384564882500992 -0.0281104283560719 -0.0051229885131265 0.0032219830332833 -0.0003621901433908 0.0000972383382267 -0.0000345413832358 0.0000025615338514 -0.0000008039927835
1.0171421097160360 -0.4187154511271861 0.2138403379255862 0.1283810528402317 0.0024308387970536 0.0119926133786304 0.0018110033275792 -0.0004090379467887 0.0001554191370504 0.0000032534057873 -0.0000059690391490 0.0000008496262952
0.7712194887422831 0.9887036521529522 -0.5283597419930947 0.1464355167414438 0.0189727171146936 0.0032477151060872 -0.0028261383396461 0.0009660256300614 0.0002397372067969 -0.0000470155733711 0.0000072121241646 0.0000007520055817
1.0516042476551872 0.1470281709727064 0.3299408951706109 -0.0494528696151218 0.0381639866470524 -0.0069211592061285 -0.0023884286747483 0.0004980141477997 -0.0001035090704589 0.0000263173322308 0.0000030023456161 0.0000010794687217
0.8877020671241707 -0.8116297940380509 -0.1948217235076426 0.0587728130012736 -0.0469274437932405 -0.0121051200619949 -0.0008705339449645 0.0004183662096921 -0.0001729439070983 -0.0000311250198588 -0.0000012279682727 -0.0000008130772555
0.9464622179665484 0.6755730914419187 0.0013755064238709 -0.1272500052219047 -0.0409079452905824 0.0009037981785786 0.0026873946466874 -0.0006967974135217 -0.0000250677167713 -0.0000250121316629 0.0000064939889405 0.0000004176485065
1.0329362180893980 -0.3263004174166199 0.2652292559126476 0.1093227268195501 0.0173178382636458 0.0121505186510693 0.0003114308354644 -0.0006720710987980 0.0000896844948482 -0.0000200286670674 -0.0000055806971916 -0.0000001995555228
0.7281620154435305 1.0330430713647145 -0.6535997143486005 0.2532282217311904 0.0755536926748646 -0.0190933794757552 0.0041333735092663 -0.0007290360070096 -0.0000983617318724 0.0000078100120602 0.0000009566627261 0.0000006370146115
1.0432697081893523 0.2436440050558648 0.3041099496915122 -0.0812660110300195 0.0291969727036634 -0.0103917423090818 -0.0011702783924706 0.0006940976432433 -0.0000050567238827 0.0000308844169466 -0.0000021506915496 0.0000009758295982
0.9207351450676529 -0.7408661430773685 -0.0923805260946572 0.0999254961579129 -0.0469811913625011 -0.0065223017077097 0.0013328618399497 0.0007735343634936 -0.0001360178787974 -0.0000007933916459 0.0000053819341592 -0.0000012697793788
0.9161110316057068 0.7515434911575233 -0.0923982349221873 -0.1022483176661384 -0.0486706430599805 0.0074855581419941 0.0011635024365824 -0.0007552693004451 -0.0001462525011433 0.0000038600058306 0.0000050255649765 0.0000013076834978
1.0447446819671609 -0.2313728109822984 0.3040579750496063 0.0830099427703605 0.0297085164501542 0.0102203523573667 -0.0012112682722746 -0.0007123674889126 -0.0000114161760834 -0.0000321795445428 -0.0000016499205688 -0.0000010596399800
0.7345131838002385 -1.0247193941669577 -0.6531132632632695 -0.2613594073220587 0.0782628352192806 0.0188889635186644 0.0038602965861864 0.0006996406533722 -0.0000944328285349 -0.0000077397051783 0.0000009071250259 -0.0000006140987802
1.0308726058605491 0.3384175728630889 0.2652947583758263 -0.1079758154447948 0.0165996410802562 -0.0121510636497481 0.0003500568128605 0.0006743172032530 0.0000973781293800 0.0000195402171778 -0.0000060529647128 0.0000001276117480
0.9506166327049356 -0.6645144627736677 0.0013500098889056 0.1258913643885284 -0.0394139765037438 -0.0000809574447380 0.0028027019462401 0.0007348704058008 -0.0000222494194984 0.0000272561288070 0.0000065892043623 -0.0000003450552035
0.8826438979723430 0.8218869145808797 -0.1948992496662402 -0.0621514385824167 -0.0488132052998067 0.0131225225507482 -0.0010762342040144 -0.0004318999265805 -0.0001915006364690 0.0000353836592520 -0.0000019752875455 0.0000007720923731
1.0524790124943531 -0.1346546691077654 0.3299080654697753 0.0514609306082734 0.0384667156693471 0.0066293641719797 -0.0024182607054802 -0.0005324881982793 -0.0001076062962884 -0.0000282598024376 0.0000033775768684 -0.0000011599628598
0.7773012195344945 -0.9798423975983911 -0.5280070454470560 -0.1532641554913840 0.0214531923424158 -0.0028564354296970 -0.0028237194214096 -0.0010466080095896 0.0002641061994127 0.0000532018906675 0.0000079088417736 -0.0000007520633318
1.0145060218171693 0.4306280828318058 0.2139115493413783 -0.1275600290857045 0.0015087000852862 -0.0117859298640512 0.0018307956008103 0.0004317113134231 0.0001631096482207 -0.0000029241418517 -0.0000062902677183 -0.0000008871478039
0.9771256997680683 -0.5831259526487029 0.0853611138941959 0.1379606097754766 -0.0268129041052476 0.0057500363865012 0.0032808816248035 0.0004059350668746 0.0000944607162978 0.0000361521018440 0.0000026017785326 0.0000008591091467
0.8463069023987847 0.8861065847868145 -0.3050262476985485 -0.0058722917461729 -0.0385683982802892 0.0157828941807579 -0.0033372723066237 0.0002277133364826 -0.0001011550538559 0.0000417817974843 -0.0000086664546470 -0.0000009799769024
1.0560812124574115 -0.0368845833056233 0.3425006122256289 0.0167661354552347 0.0428325473366667 0.0019978914061228 -0.0030585409694449 -0.0001948076104121 -0.0001630818596373 -0.0000109407960396 0.0000066069480427 -0.0000004732782353
0.8179828011521165 -0.9277604411623730 -0.4069222368864822 -0.0631989889919881 -0.0164299825937601 -0.0128564857369996 -0.0042295169129832 -0.0009218802337788 0.0001083726122568 -0.0000030924952156 -0.0000054273188209 0.0000015764636034
0.9942925696246687 0.5195783458612751 0.1505116739146181 -0.1380953972670350 -0.0145824411218309 -0.0091553871867599 0.0028972701321279 0.0000278037969704 0.0001612131625441 -0.0000253441149458 -0.0000024525025744 -0.0000012943142550
1.0000656258659248 -0.4972979859326127 0.1587485743764386 0.1376181292624090 -0.0115373128526524 0.0099961910278461 0.0028128086619041 -0.0000450570360532 0.0001592985612506 0.0000240549751317 -0.0000029265329599 0.0000013044890316
0.8073656880632332 0.9437614855728336 -0.4215957356641991 0.0674466706035612 -0.0150360227344439 0.0128789251887552 -0.0043861133622304 0.0009098652901779 0.0001066210075848 0.0000030231713838 -0.0000053665864939 -0.0000015880457584
1.0555243053778900 0.0611891113576887 0.3416992120354849 -0.0189407590157186 0.0424352095867050 -0.0029393285007708 -0.0030040012956324 0.0001984312821394 -0.0001577306549219 0.0000112360248346 0.0000062264733571 0.0000005104367241
0.8562641593712249 -0.8688039188608924 -0.2911625214446068 0.0092146887804009 -0.0383986944845793 -0.0147320264027625 -0.0028905630697443 -0.0001830402280577 -0.0000947402590919 -0.0000376799720618 -0.0000071522839221 0.0000006565847239
0.9703832767797659 0.6046011678607832 0.0757756937626796 -0.1377845780881000 -0.0298491425405523 -0.0044597589837763 0.0032110089170471 -0.0004120768571207 0.0000844802950061 -0.0000345993111472 0.0000032175084213 -0.0000006795085194
1.0192655850114074 -0.4076687247963117 0.2207224273160759 0.1265219835984371 0.0043220737696355 0.0121311941963619 0.0016429259469386 -0.0004512230409396 0.0001505228616548 0.0000001729435747 -0.0000061515356415 0.0000007392377940
0.7661030665686831 0.9944701765101305 -0.5433546585423484 0.1584196822447943 0.0247651122913759 0.0012550252560218 -0.0023303451795684 0.0008888253696923 0.0002386423687863 -0.0000508842212687 0.0000088368580501 0.0000011959066513
1.0508125813381726 0.1588152455796247 0.3275114403712999 -0.0535123364456231 0.0372992108375620 -0.0074141327997384 -0.0022664057081619 0.0005315511962064 -0.0000931036863950 0.0000276913619192 0.0000024128617727 0.0000011135454326
0.8918668770731043 -0.8033654678953127 -0.1819739995191949 0.0646090393743815 -0.0474308701205723 -0.0115355865269023 -0.0005822950843820 0.0004826954397236 -0.0001749181968524 -0.0000282158805919 -0.0000002699381140 -0.0000009560496883
0.9429562091601683 0.6850654394466430 -0.0094939150862136 -0.1249815073976539 -0.0421667932243758 0.0016972420067475 0.0025532151532277 -0.0007215801980534 -0.0000412172315059 -0.0000223551972073 0.0000066530991059 0.0000005692575870
1.0345821982715513 -0.3149113243723701 0.2706154264079251 0.1064797275472393 0.0189790730621452 0.0120214522240933 0.0001207379855252 -0.0006894042305376 0.0000785414809202 -0.0000222636653080 -0.0000052573080183 -0.0000003291712701
0.7228164837673856 1.0379140118663617 -0.6689937686773969 0.2674068832930664 0.0838429246294330 -0.0228115576756891 0.0055002695191210 -0.0011438381705350 -0.0002116869534222 0.0000361921490544 -0.0000056451366982 -0.0000007895775360
1.0419815570747037 0.2552467538887568 0.3000887727106552 -0.0848171205846562 0.0278439135411529 -0.0107065749334924 -0.0009958750937530 0.0007039481043393 0.0000079712558750 0.0000303337317000 -0.0000027499597006 0.0000009054765400
0.9245303861028849 -0.7318966393359071 -0.0805318868879134 0.1038587575690285 -0.0464163262355077 -0.0057530235101758 0.0015587070136493 0.0007888113174524 -0.0001248107092401 0.0000032048119930 0.0000058617646090 -0.0000012153066281
0.9122148522045539 0.7603818616411598 -0.1043813609928107 -0.0982149024605052 -0.0491474265147699 0.0082546555039916 0.0009206659887254 -0.0007373243491989 -0.0001573028067538 0.0000080297911533 0.0000044152583551 0.0000013325203662
1.0459008389926110 -0.2197277835808481 0.3078902016785680 0.0794229037444166 0.0309825458791567 0.0098626111618684 -0.0013804095727852 -0.0007015433554177 -0.0000241468062518 -0.0000325767036056 -0.0000010387195252 -0.0000011185056174
0.7398027722190147 -1.0196719137156212 -0.6377761412935452 -0.2472874127997606 0.0702669295777023 0.0154926738912127 0.0026638912866805 0.0003291184111611 0.0000023099688106 0.0000153147986781 0.0000056855527745 -0.0000015137632229
1.0290976507456173 0.3497475712614728 0.2597249608173502 -0.1107690507498401 0.0148764048179867 -0.0122256018399015 0.0005390832424602 0.0006562019295145 0.0001080685453707 0.0000172346810906 -0.0000063087134986 -0.0000000021432055
0.9540143124522920 -0.6549039788978434 0.0120720445829707 0.1280670458032988 -0.0381051355273996 0.0006823484249349 0.0029150024444772 0.0007074003608645 -0.0000068963900178 0.0000295268264934 0.0000063284400171 -0.0000001882403631
0.8783862650377610 0.8300082503060841 -0.2078673435876565 -0.0562096140864807 -0.0481811808375808 0.0136498701370666 -0.0013682648512114 -0.0003666225962815 -0.0001884506235784 0.0000380840735081 -0.0000029838004989 0.0000005976184729
1.0531366775171371 -0.1228425045412425 0.3321450276908095 0.0473800145889883 0.0392410533275156 0.0061094070662006 -0.0025298768961188 -0.0004981957651026 -0.0001170830883111 -0.0000267464284692 0.0000039163211639 -0.0000011128627724
0.7823515261231087 -0.9739059534054269 -0.5130864312399843 -0.1413895787822192 0.0159121315785255 -0.0046171134287552 -0.0032171618432435 -0.0010998011765335 0.0002596756477422 0.0000482355272391 0.0000061710491027 -0.0000003217044557
1.0122575746466806 0.4415994185308163 0.2068528819465169 -0.1293563980570777 -0.0004222069552482 -0.0115871510713153 0.0019895419964248 0.0003893835377978 0.0001668974447762 -0.0000059111455494 -0.0000060221520817 -0.0000009828308872
0.9801006464866934 -0.5729445558830602 0.0948411465259339 0.1385487715278552 -0.0250591160937631 0.0063637174293929 0.0032711397656996 0.0003542138466528 0.0001058463519429 0.0000356980554158 0.0000019271459919 0.0000009670698803
0.8417190260043709 0.8934543665293320 -0.3188399609115992 0.0020944372120816 -0.0364820276903570 0.0157847277373634 -0.0035600420901878 0.0003191838237455 -0.0000804759049692 0.0000395867869576 -0.0000089795968684 -0.0000011806484491
1.0562354549136244 -0.0249956254602537 0.3431181377814850 0.0124483047869554 0.0430413257844444 0.0014002989762333 -0.0030900444233258 -0.0001478016469376 -0.0001658559940951 -0.0000083013992412 0.0000067698890067 -0.0000003563656549
0.8227574788385302 -0.9209716773091405 -0.3925787939367952 -0.0534897307514415 -0.0198813346754217 -0.0134505527734826 -0.0041714294984094 -0.0008467304661547 0.0000807214941348 -0.0000096170034702 -0.0000063640356299 0.0000016093943387
0.9915874519816189 0.5301084080176197 0.1420398956995629 -0.1386697672557933 -0.0165168794572716 -0.0086880915749287 0.0029812384687122 -0.0000266698637400 0.0001557127800389 -0.0000274076933672 -0.0000017919512235 -0.0000012750373643
1.0025957165763326 -0.4866209842064258 0.1668845656487822 0.1368110180342340 -0.0096071235169856 0.0103735868339284 0.0027020362024494 -0.0000996705167221 0.0001622222489515 0.0000215323416423 -0.0000035008247272 0.0000012853798051
0.8024809901264699 0.9502862252270533 -0.4361065969290597 0.0775259764900317 -0.0111371273860718 0.0120030243169811 -0.0043476814124337 0.0009646426806661 0.0001331755802182 -0.0000042490568729 -0.0000039942189337 -0.0000014317027089
1.0551739779542288 0.0730638056975195 0.3406905367835508 -0.0232352985913986 0.0420602887027053 -0.0035215812871983 -0.0029492239557245 0.0002442761224885 -0.0001527824349149 0.0000137376538202 0.0000059208562397 0.0000006163452347
0.8607285848631208 -0.8612071824903310 -0.2775506618209594 0.0168219535813471 -0.0401242826554938 -0.0145599225022390 -0.0026342241391675 -0.0000895982170711 -0.0001122387517721 -0.0000386453466932 -0.0000065810189433 0.0000004373849395
0.9672416665601356 0.6146114027330666 0.0659817596917351 -0.1369288399682362 -0.0315448288782694 -0.0037744961901177 0.0031854962441790 -0.0004600474668209 0.0000709605922071 -0.0000343266049862 0.0000038400548864 -0.0000005445969855
1.0213319464180506 -0.3965759848241213 0.2274267899714606 0.1245312705619696 0.0061952302256318 0.0122363823300117 0.0014696438157087 -0.0004908575739407 0.0001446702697277 -0.0000028827636675 -0.0000062700970364 0.0000006211443777
0.7609568808369052 1.0001298397678609 -0.5584066588614356 0.1706689447181975 0.0308408796100422 -0.0009198825102186 -0.0017507490513303 0.0007829936542375 0.0002295819036715 -0.0000529704369918 0.0000101571761782 0.0000016097522397
1.0499603303733285 0.1705847477490936 0.3248872812245592 -0.0575237315935652 0.0363704790666972 -0.0078895715358786 -0.0021364036526830 0.0005626750673581 -0.0000821441163572 0.0000288545567042 0.0000018023984043 0.0000011349935149
0.8959884608246795 -0.7950124381180844 -0.1692402365502775 0.0702076885219436 -0.0477867944458739 -0.0109287097631739 -0.0002971408885081 0.0005414310847165 -0.0001748986409972 -0.0000249815917421 0.0000006702456944 -0.0000010761818058
0.9394014569697834 0.6944820651316810 -0.0205048289452708 -0.1225075302352176 -0.0433474637837360 0.0024971783911322 0.0024043213620676 -0.0007419639836935 -0.0000572491874255 -0.0000194120152325 0.0000067239068264 0.0000007137909348
1.0361693784688719 -0.3034865437628024 0.2758159646933354 0.1035335078266048 0.0206008700426093 0.0118619537007605 -0.0000695914504510 -0.0007033297965321 0.0000669375618048 -0.0000243118892483 -0.0000048827634298 -0.0000004543226977
0.7174457399386309 1.0426743664110669 -0.6844250245915083 0.2818520936136989 0.0924593816118500 -0.0267748411885833 0.0070032049314156 -0.0016176872264540 -0.0003474749760538 0.0000720802972381 -0.0000145214219138 -0.0000028444476437
1.0406337982897753 0.2668211030726830 0.2958772128847391 -0.0882894616529909 0.0264387779118294 -0.0109950906332458 -0.0008174853075909 0.0007104880237288 0.0000209887803164 0.0000295419572794 -0.0000033247875423 0.0000008241563515
0.9282788651939181 -0.7228458827974206 -0.0688132701659709 0.1075706774758540 -0.0457444395542711 -0.0049747872462722 0.0017725339635664 0.0007982231405330 -0.0001125985453105 0.0000071113711645 0.0000062508649676 -0.0000011406334814
0.9082732693182636 0.7691365347039610 -0.1164909840990544 -0.0939572423149405 -0.0495076163974577 0.0090073185150690 0.0006676573308046 -0.0007135055929156 -0.0001670837277795 0.0000122089744004 0.0000037210259098 0.0000013334181751
1.0469969482341215 -0.2080577242560684 0.3115308861439872 0.0757624942119446 0.0322010727046543 0.0094812129875541 -0.0015442666568368 -0.0006874803952494 -0.0000367262369918 -0.0000327269789824 -0.0000004164047917 -0.0000011649483973
0.7450653367683817 -1.0145149702961751 -0.6224807893591461 -0.2334824741486630 0.0625879696406987 0.0123219108957783 0.0015871632883370 0.0000103514307692 0.0000805918922076 0.0000325486976962 0.0000088763656285 -0.0000020194695390
1.0272645105481515 0.3610386044410900 0.2539711486483053 -0.1134539144320328 0.0131184768331581 -0.0122680885048742 0.0007269007849356 0.0006347812329551 0.0001181383487450 0.0000147736986241 -0.0000065051938091 -0.0000001331648427
0.9573620234677032 -0.6452204362944831 0.0226493947127956 0.1300407357323568 -0.0367269817965271 0.0014339794453075 0.0030122530723239 0.0006758729444263 0.0000083510696671 0.0000314822501523 0.0000059924050072 -0.0000000299554873
