-0.0345109857581055 -0.8904950217068082 0.0098951541185016 -0.0151081517207501 0.0010809534123047 -0.0147758295781538 0.0001141329419267 0.0004683127665327
-0.0255275986677954 0.5741283296416126 -0.0015480822395353 -0.1392592276793956 0.0004614145010149 -0.0063772477702405 -0.0000539250921492 0.0002585003478568
-0.0361473998434358 -0.4404863831411952 -0.0048866723364525 0.1316518088039584 0.0000396361305527 0.0116100766009188 -0.0000570439100457 0.0003179467861602
-0.0162504575542420 0.9769534081538198 0.0047797599322435 0.1232795295565540 -0.0001113650462959 0.0067153202491357 0.0000416442030634 -0.0010456604785994
-0.0320431385530947 0.1233786110329753 -0.0064248258735656 -0.0411991369531079 -0.0009204431316818 -0.0058860555616379 0.0000556129008292 -0.0004246553280570
-0.0352232020398411 -0.8274274592625410 0.0063733369135970 0.0463607743798286 0.0014919331272876 -0.0131082893340145 0.0000455720428679 -0.0002740433747236
-0.0239919368479186 0.6563349495431674 -0.0003166112463282 -0.1311832615227971 0.0006841442006947 -0.0006545907699268 -0.0000464279098345 0.0006353636393387
-0.0358234258143858 -0.3488349673325960 -0.0059903933918900 0.1146539643091147 -0.0003826671599740 0.0123101833347344 -0.0000180302830256 0.0006271843252340
-0.0147031399454909 1.0231085733829743 0.0054141428293864 0.2257112708344771 -0.0007585328609432 -0.0123618707918801 -0.0000187255388271 0.0000595745378508
-0.0308836160167250 0.2203152905142345 -0.0057106178796577 -0.0739339650978671 -0.0007075084550281 -0.0096848708865076 0.0000307201690412 -0.0006646917639032
-0.0357583818333044 -0.7581580887799023 0.0032565278057489 0.0913496592980413 0.0015250522774953 -0.0080173211812571 -0.0000250535104850 -0.0007243735791568
-0.0224208106736080 0.7336080020149067 0.0008989212491969 -0.1096561788364517 0.0008068059832027 0.0059106059670611 -0.0000243987625281 0.0007737098988166
-0.0353352180448951 -0.2544944432446297 -0.0067144332206207 0.0899273169160840 -0.0007198509375758 0.0108570608699774 0.0000212408446330 0.0007234790756888
-0.0315116227636950 -1.0337843611856312 0.0221117837990467 -0.2901493556555269 -0.0034560460454948 0.0263712090687602 -0.0002280906109607 -0.0016108371195461
-0.0296203498670914 0.3155935234002064 -0.0048092107376116 -0.1020697275257529 -0.0004264551265851 -0.0119058247734742 0.0000005762976285 -0.0007000333759309
-0.0361146790094193 -0.6831731308779875 0.0005554512531440 0.1208786738867968 0.0012971832279568 -0.0016332874958968 -0.0000738719913101 -0.0007756004417134
-0.0208284433193477 0.8053871179615368 0.0020597753310179 -0.0733279743747478 0.0008004540255476 0.0119427513408830 0.0000068160664737 0.0005458831484941
-0.0346902479053895 -0.1581813517350641 -0.0070823628167327 0.0594672556626344 -0.0009461820102130 0.0076193319162775 0.0000519424639327 0.0005930750650481
-0.0327078351407909 -0.9907564956502625 0.0175421222030800 -0.1777194907484989 -0.0011814052283289 0.0011868763394856 0.0000596536624669 0.0008565840040835
-0.0282666797261187 0.4084877307712397 -0.0037620398736585 -0.1235641083893944 -0.0001090918721009 -0.0120806694415889 -0.0000277495367483 -0.0005082158362360
-0.0362919423599926 -0.6030110524224595 -0.0017255743646456 0.1361861282400011 0.0009099907593697 0.0044502079393263 -0.0000924283910769 -0.0005028124612833
-0.0192287765445978 0.8711621076760701 0.0031296420180253 -0.0210569958735775 0.0006422818096892 0.0155415882077224 0.0000374126725559 -0.0000487136060586
-0.0338973037556178 -0.0606304998490903 -0.0071222681471207 0.0253484916179877 -0.0010495690894712 0.0031772625366483 0.0000683241062933 0.0002853677703718
-0.0337417413085475 -0.9404550860588856 0.0133108823051548 -0.0833575945978551 0.0003043327418010 -0.0112988713046622 0.0001377246439804 0.0010439666609177
-0.0268364375332026 0.4982942564957187 -0.0026113041247414 -0.1364668442074164 0.0002094259729393 -0.0099957005052517 -0.0000475670160933 -0.0001340462780270
-0.0362916934829089 -0.5182577767051652 -0.0035885092180853 0.1387099805789955 0.0004493460193172 0.0091431642429052 -0.0000826753265684 -0.0000654534888459
-0.0176353238198141 0.9304774727515842 0.0040751955200887 0.0480727498174561 0.0003171779480951 0.0142553610867738 0.0000533989964974 -0.0007734436266526
-0.0329663739372350 0.0374118110086376 -0.0068661972631725 -0.0103037214021633 -0.0010302413321472 -0.0017550736071583 0.0000682452282895 -0.0001048196257771
-0.0346066610333622 -0.8831941414518268 0.0094471171335628 -0.0067494619764508 0.0011551552197650 -0.0148404283874155 0.0001072001007697 0.0003729286249272
-0.0253437869862663 0.5843378264498590 -0.0013992729013707 -0.1389469758666682 0.0004926669749447 -0.0057622935333085 -0.0000538637050541 0.0003112364187258
-0.0361170864281152 -0.4295414161277441 -0.0050413781548701 0.1300668869304225 -0.0000148902829897 0.0118154838846980 -0.0000526756466496 0.0003646438793643
-0.0160610312850591 0.9829363700146403 0.0048665908075987 0.1347370726993811 -0.0001809356978114 0.0050658193058213 0.0000373494471269 -0.0010172672334891
-0.0319085179452787 0.1351946736684710 -0.0063495603437314 -0.0453429867433190 -0.0008991986214136 -0.0064103275453256 0.0000530949484792 -0.0004624957476286
-0.0352975689874480 -0.8193506371765768 0.0059736155629532 0.0526747988934515 0.0015136121994234 -0.0126258659522672 0.0000364709395413 -0.0003486509362882
-0.0238030621708380 0.6659777213361983 -0.0001676036560626 -0.1293186352181495 0.0007049705620947 0.0001191379782918 -0.0000444663053657 0.0006680714313658
-0.0357728496744180 -0.3375265795766463 -0.0060979750178338 0.1120290515832872 -0.0004287267465511 0.0122437579927435 -0.0000130836135436 0.0006511254196883
-0.0145181479545645 1.0282039892023660 0.0054778991091396 0.2393600404668231 -0.0008480139515806 -0.0156143691906644 -0.0000303654125908 0.0003692360699664
-0.0307357274703171 0.2319695108510157 -0.0056104917633171 -0.0776314244656830 -0.0006764721178874 -0.0100494881796035 0.0000272082234686 -0.0006809098604836
-0.0358111260535641 -0.7493613423092895 0.0029067656522959 0.0957305276269764 0.0015091594482063 -0.0072755837337783 -0.0000324251374743 -0.0007516140607446
-0.0222286073097011 0.7426136010919042 0.0010433204680509 -0.1060650486469291 0.0008134263889749 0.0067031194467870 -0.0000209500217377 0.0007671807064850
-0.0352652112426440 -0.2429083112608393 -0.0067774906715273 0.0864991646145142 -0.0007535592480812 0.0105497171914970 0.0000255661582352 0.0007193010314460
-0.0316650323545363 -1.0289641565758909 0.0215408592166754 -0.2755520107765176 -0.0031328753805876 0.0225028618967038 -0.0001777594963737 -0.0011244310572374
-0.0294607791140703 0.3269969876627389 -0.0046891837072924 -0.1050692264829185 -0.0003892362865546 -0.0120429431600164 -0.0000030967186196 -0.0006886413962081
-0.0361456921504595 -0.6737190497170210 0.0002565113817969 0.1234652389215579 0.0012568693039163 -0.0008534761973176 -0.0000777737300294 -0.0007570693768535
-0.0206346195077456 0.8136909226301288 0.0021950232229709 -0.0678604613476529 0.0007897436085734 0.0125522575336018 0.0000107999160612 0.0004913333127395
-0.0346018079716569 -0.1464057217614880 -0.0071040711655800 0.0554837356445267 -0.0009653704141819 0.0071316614539267 0.0000547684803086 0.0005636617621156
-0.0328419771597999 -0.9850399054158304 0.0170104753191497 -0.1653206753481344 -0.0009624168007853 -0.0009233143585985 0.0000779352267849 0.0009656834997249
-0.0280970806643549 0.4195538309560453 -0.0036272011657815 -0.1256237444974362 -0.0000698155916032 -0.0119493624947550 -0.0000307258420151 -0.0004709368732987
-0.0363013204213616 -0.5929682448655603 -0.0019735986117454 0.1371424838888063 0.0008565155655091 0.0051098930939914 -0.0000926351152598 -0.0004550157174414
-0.0190349962819045 0.8787058970337408 0.0032515288984554 -0.0135897109325462 0.0006119697887946 0.0157006331421137 0.0000404479078133 -0.0001377098655869
-0.0337915801869709 -0.0487553753691189 -0.0071063132901363 0.0210651521545372 -0.0010536379333216 0.0025902941645187 0.0000691952761980 0.0002402449466817
-0.0338557191886673 -0.9338767346656614 0.0128223623031486 -0.0731331017231176 0.0004383532950723 -0.0121358935175041 0.0001381669749844 0.0009872598518077
-0.0266585128693466 0.5089394865787031 -0.0024667883271463 -0.1373577535553245 0.0002463696773611 -0.0095908138171662 -0.0000491246471393 -0.0000810131324192
-0.0362797328856824 -0.5077002554953208 -0.0037862728310021 0.1382230478981971 0.0003920326145457 0.0095828081698862 -0.0000799165884965 -0.0000097335996492
-0.0174431895562587 0.9372099372708108 0.0041799083664355 0.0576347928594356 0.0002660220983884 0.0136283669190062 0.0000535357441557 -0.0008457662378139
-0.0328446531744091 0.0492954995786167 -0.0068167055136393 -0.0146271940629983 -0.0010199834764918 -0.0023495254196568 0.0000671493281650 -0.0001522312726029
-0.0346997765681403 -0.8757964355452266 0.0090048241567150 0.0013563548602404 0.0012221358820141 -0.0148211083044772 0.0000997080692625 0.0002773267987917
-0.0251592686759842 0.5944825472837315 -0.0012501764575216 -0.1384565439285899 0.0005228734423079 -0.0051225772953453 -0.0000535670589643 0.0003626879032551
-0.0360842779076677 -0.4185479298651121 -0.0051902528652146 0.1283437192242041 -0.0000686572756799 0.0119874895222535 -0.0000481666642856 0.0004091526167901
-0.0158720676695244 0.9888135529696169 0.0049507695031709 0.1464588945314876 -0.0002530031162502 0.0032481002997868 0.0000322960033383 -0.0009657856311813
-0.0317722070309445 0.1469959087274349 -0.0062710229278217 -0.0494463576217943 -0.0008765978640040 -0.0069195321576053 0.0000504167541943 -0.0004982456671909
-0.0353693270992404 -0.8111834138209378 0.0055798791513752 0.0587479507695771 0.0015299744817873 -0.0120980259230319 0.0000274212291080 -0.0004182293810688
-0.0236136918928506 0.6755468865421913 -0.0000189032944499 -0.1272535080710076 0.0007242649235826 0.0009037884465844 -0.0000422919054474 0.0006969322974107
-0.0357198700812357 -0.3261798963375029 -0.0062000081459794 0.1092938918459658 -0.0004734604622107 0.0121458032395593 -0.0000081533660139 0.0006717718243096
-0.0143337867886658 1.0331896547156407 0.0055386846977836 0.2532755038632172 -0.0009397721897661 -0.0190960565042175 -0.0000430629138301 0.0007293248725507
-0.0305863365994088 0.2435980282966970 -0.0055076853518563 -0.0812575058450183 -0.0006444813687913 -0.0103896883209184 0.0000236303834535 -0.0006939612456374
-0.0358612373383951 -0.7404814430918985 0.0025631345397334 0.0998859396655347 0.0014896423180316 -0.0065187375977084 -0.0000394329225087 -0.0007728122795314
-0.0220361172045365 0.7515374366701562 0.0011868461993913 -0.1022539074187381 0.0008180968828588 0.0074854715273221 -0.0000173748122246 0.0007549767556156
-0.0351929133641840 -0.2312944615926577 -0.0068353551441040 0.0829902916502472 -0.0007855899922533 0.0102167882439347 0.0000297486627769 0.0007117571700795
-0.0318161602218786 -1.0240336989380125 0.0209744672478318 -0.2612214314047036 -0.0028233958456816 0.0188757281784308 -0.0001322333210532 -0.0006984554583441
-0.0292999033014566 0.3383641099982329 -0.0045670881612941 -0.1079674365158427 -0.0003515406402831 -0.0121490666297111 -0.0000067297488946 -0.0006738515637788
-0.0361740731666357 -0.6641898247604251 -0.0000362454565915 0.1258449426320552 0.0012143982504989 -0.0000810113564182 -0.0000812155869349 -0.0007339328945980
-0.0204407134032338 0.8219055535114079 0.0023288681801127 -0.0621565256023019 0.0007767587597045 0.0131227371885050 0.0000147579243950 0.0004312917612346
-0.0345112085138984 -0.1346132086586257 -0.0071210075405497 0.0514501377255205 -0.0009827282264994 0.0066273298164496 0.0000573728405568 0.0005317297511136
-0.0329737184029017 -0.9792168354815187 0.0164838666216854 -0.1531873920025763 -0.0007547298509131 -0.0028546555294024 0.0000933900739089 0.0010453264429391
-0.0279263807627477 0.4305732843889681 -0.0034909157030213 -0.1275535847365735 -0.0000305856335128 -0.0117843608117882 -0.0000335642444908 -0.0004310449895790
-0.0363080917203007 -0.5828589915425513 -0.0022154799078149 0.1379134751527809 0.0008021171536597 0.0057471215405463 -0.0000924297761280 -0.0004051111279752
-0.0188413316154333 0.8861539143656880 0.0033715282440442 -0.0058729399420632 0.0005791747550039 0.0157836296343218 0.0000432438047601 -0.0002283373277223
-0.0336838460776039 -0.0368743591908533 -0.0070860647209387 0.0167630691399504 -0.0010559019284284 0.0019974166360610 0.0000698200396794 0.0001940863578988
-0.0339672009623472 -0.9271966365724796 0.0123392967766287 -0.0631690514405814 0.0005633192176068 -0.0128482632815955 0.0001371971976332 0.0009205103261669
-0.0264796961749223 0.5195281938545860 -0.0023214473316024 -0.1380921626921384 0.0002827288883199 -0.0091544384420908 -0.0000504735197451 -0.0000271321287960
-0.0362652148144596 -0.4970855973419319 -0.0039780223499533 0.1375748373591054 0.0003347941193172 0.0099915686427028 -0.0000768755704107 0.0000455468966201
-0.0172513601888801 0.9438409008685590 0.0042823011424361 0.0674558283874418 0.0002123098786043 0.0128799462642586 0.0000531704417201 -0.0009101173906687
-0.0327210863702377 0.0611740330147019 -0.0067634466663379 -0.0189378176540754 -0.0010081020885858 -0.0029384953023284 0.0000658340634753 -0.0001989456018454
-0.0347903250824919 -0.8683026370290252 0.0085683094408728 0.0092105647720037 0.0012821369824163 -0.0147229809297566 0.0000917496646488 0.0001824380195124
-0.0249740693601993 0.6045613882568693 -0.0011008661530382 -0.1377850865092177 0.0005519722566343 -0.0044594128821905 -0.0000530347005832 0.0004125385554980
-0.0360489842430491 -0.4075071418301531 -0.0053333266203695 0.1264856055212232 -0.0001215842968844 0.0121260690238988 -0.0000435368267308 0.0004512848895208
-0.0156835877694463 0.9945844240557933 0.0050322539489439 0.1584454937585093 -0.0003275494545211 0.0012552047353727 0.0000264475272236 -0.0008885291822375
-0.0316342280297716 0.1587809884610970 -0.0061892839349354 -0.0535054650271865 -0.0008526845494386 -0.0074124265447173 0.0000475885187123 -0.0005317391806213
-0.0354384721210816 -0.8029266252779530 0.0051921504415370 0.0645819214140802 0.0015412367723533 -0.0115288750196723 0.0000184749704306 -0.0004824696009906
-0.0234238514964207 0.6850414188346825 0.0001294195115326 -0.1249853589340769 0.0007419724651687 0.0016972026031162 -0.0000399116701528 0.0007216636642365
-0.0356644995840193 -0.3147961830851823 -0.0062965321343098 0.1064519914461221 -0.0005168145104638 0.0120168438741757 -0.0000032569375225 0.0006890602318667
-0.0141500759417786 1.0380651548209241 0.0055964654838944 0.2674576894176152 -0.0010337695797923 -0.0228148697229577 -0.0000568534699610 0.0011440284952899
-0.0304354668711857 0.2551995384424998 -0.0054022719428618 -0.0848085218685453 -0.0006115906714999 -0.0107045035493358 0.0000199992526587 -0.0007037678499295
-0.0359087144637155 -0.7315193229543173 0.0022256457561948 0.1038179856454992 0.0014666909746224 -0.0057499148827705 -0.0000460552312408 -0.0007880432294657
-0.0218433654235831 0.7603785691999343 0.0013294321265907 -0.0982205950466288 0.0008207726692258 0.0082545862719386 -0.0000136881136356 0.0007369836418731
-0.0351183393700718 -0.2196541960814974 -0.0068880743481670 0.0794043619437814 -0.0008159143972255 0.0098592196837365 0.0000337760452417 0.0007009055937495
-0.0319649906979154 -1.0189933935586020 0.0204126738024885 -0.2471576759277717 -0.0025273112069448 0.0154818227842293 -0.0000912390893705 -0.0003284340694614
-0.0291377468646474 0.3496936213579539 -0.0044429991519927 -0.1107608186171356 -0.0003134297927116 -0.0122236400067423 -0.0000103101061834 -0.0006557034718617
-0.0361998238349419 -0.6545864753223849 -0.0003228192708276 0.1280202425593472 0.0011699321895949 0.0006818956347002 -0.0000841970327102 -0.0007064608679693
-0.0202467493883352 0.8300301661773181 0.0024612489101437 -0.0562144004639397 0.0007614675988722 0.0136501420282811 0.0000186672959993 0.0003659932581410
-0.0344184667025042 -0.1228051386489134 -0.0071332270461391 0.0473702325208051 -0.0009982494784785 0.0061075665940529 0.0000597496314247 0.0004974319158262
-0.0331030460325643 -0.9732878092218648 0.0159623514134349 -0.1413192273434671 -0.0005580637455934 -0.0046141583750763 0.0001062178458478 0.0010984211743038
-0.0277546051395510 0.4415448690443772 -0.0033532590535971 -0.1293502878039386 0.0000085329522114 -0.0115856510173495 -0.0000362543489096 -0.0003887052324231
-0.0363122609731113 -0.5726843901187931 -0.0024512292247153 0.1385018908399988 0.0007469290880311 0.0063605303097127 -0.0000918248545236 -0.0003534211602291
-0.0186478059919394 0.8935054177566830 0.0034895847076605 0.0020946628022600 0.0005438802649415 0.0157855233642514 0.0000457708208491 -0.0003197829809626
-0.0335741205841909 -0.0249887896798493 -0.0070615838925888 0.0124460676971452 -0.0010563752626484 0.0014000008330802 0.0000701990453096 0.0001470971387703
-0.0340761767204803 -0.9204154290658387 0.0118617299575862 -0.0534645694144051 0.0006794917575857 -0.0134419853180047 0.0001349530662176 0.0008454293722234
-0.0263000129631319 0.5300592145093378 -0.0021753559959463 -0.1386669749361368 0.0003184387902439 -0.0086872210856815 -0.0000516077274845 0.0000273272997604
-0.0362481468311714 -0.4864149683356596 -0.0041637792271979 0.1367684289167875 0.0002777355948986 0.0103688412153490 -0.0000735710337114 0.0001001109996625
-0.0170598579915876 0.9503697305080416 0.0043823252602211 0.0775367587897820 0.0001560423765910 0.0120040269285564 0.0000522687340169 -0.0009648285240504
-0.0325956944250694 0.0730460731698359 -0.0067064874037545 -0.0232317654009956 -0.0009946285040421 -0.0035206165772573 0.0000643058399724 -0.0002447559096467
-0.0348782996619725 -0.8607134917923901 0.0081376058505695 0.0168144865629775 0.0013353972242289 -0.0145510349283511 0.0000834121846502 0.0000891033847451
-0.0247882146600765 0.6145732543681155 -0.0009514149396134 -0.1369297954590645 0.0005799024201323 -0.0037742119414505 -0.0000522670184255 0.0004604705360197
-0.0360112157175420 -0.3964202759222503 -0.0054706307308683 0.1244958732223719 -0.0001735941141154 0.0122312709880373 -0.0000388058842620 0.0004908669596721
-0.0154956124668736 1.0002484643941081 0.0051110030114487 0.1706973125843987 -0.0004045544744311 -0.0009199466303730 0.0000197675938716 -0.0007826495987003
-0.0314946033272752 0.1705485873010703 -0.0061044141015973 -0.0575165334103422 -0.0008275038633394 -0.0078877936704344 0.0000446208500118 -0.0005628188825895
-0.0355050001666270 -0.7945811196461697 0.0048104508008701 0.0701784521034996 0.0015476127200419 -0.0109223988326260 0.0000096800013842 -0.0005411207416649
-0.0232335664279950 0.6944603019333188 0.0002772948643392 -0.1225117085541066 0.0007580394173211 0.0024971146897055 -0.0000373335149507 0.0007419952789462
-0.0356067510342334 -0.3033767103268116 -0.0063875874010155 0.1035068784876014 -0.0005587382310611 0.0118574627549664 0.0000015887788472 0.0007029427632219
-0.0139670347051335 1.0428300889408004 0.0056512083539395 0.2819065679767435 -0.0011299656296708 -0.0267788612409751 -0.0000717721408441 0.0016177431360780
-0.0302831418852479 0.2667727405322815 -0.0052943251126566 -0.0882808004605542 -0.0005778555510752 -0.0109930089394194 0.0000163275717667 -0.0007102646515872
-0.0359535565714876 -0.7224759247880044 0.0018943092075718 0.1075288021030650 0.0014404921687080 -0.0049721328532244 -0.0000522734617519 -0.0007974146582940
-0.0216503769634423 0.7691360702375073 0.0014710124898624 -0.0939629974914119 0.0008214103710826 0.0090072723595102 -0.0000099058809998 0.0007131187032762
-0.0350415044999784 -0.2079888201694781 -0.0069356969429445 0.0757450550931660 -0.0008445065821939 0.0094779990247431 0.0000376367229398 0.0006868177014796
-0.0321115084517108 -1.0138436602245988 0.0198555435348429 -0.2333607451587442 -0.0022443269003575 0.0123132761567548 -0.0000545133001283 -0.0000101018510741
-0.0289743343371119 0.3609842577812044 -0.0043169918602156 -0.1134458551627555 -0.0002749659637547 -0.0122661671118773 -0.0000138252562506 -0.0006342520218222
-0.0362229462926606 -0.6449100307194470 -0.0006032114196730 0.1299936384118865 0.0011236297993008 0.0014331404633508 -0.0000867195205035 -0.0006749362148030
