-0.0345109935990787 -0.8904950461693795 0.0098953036151033 -0.0151087190691100 0.0010835768531886 -0.0147701342915228 0.0001227470644020 -0.0255275218577859
0.5741282647850881 -0.0015481068267663 -0.1392590915457859 0.0004599119191135 -0.0063583879599626 -0.0001556003444627 -0.0361472910495031 -0.4404864211960386
-0.0048869533531815 0.1316528989065799 0.0000317880063499 0.0116416325209364 -0.0001433330857134 -0.0162506430038340 0.9769535325862671 0.0047798881032194
0.1232791006967098 -0.0001008132315119 0.0066520781688332 0.0002584259468755 -0.0320432138905236 0.1233786285766845 -0.0064245294280167 -0.0412003156005507
-0.0009144649930614 -0.0059208234680561 0.0001668197024196 -0.0352232810022697 -0.8274274209876233 0.0063734985102583 0.0463601758193516 0.0015012202420918
-0.0131367443311478 0.0001117213745848 -0.0239917912933167 0.6563348554870991 -0.0003168103391312 -0.1311824169539948 0.0006777120310639 -0.0006118032923193
-0.0001931578707379 -0.0358232867273879 -0.3488350301233099 -0.0059906757548744 0.1146550399140506 -0.0003938040452799 0.0123552995597890 -0.0001170504558141
-0.0147032954551169 1.0231086331691825 0.0054144461857392 0.2257100356986455 -0.0007590363320237 -0.0123621761665852 -0.0000645756801142 -0.0308837227726645
0.2203153213675521 -0.0057102546574277 -0.0739353938430461 -0.0006981526522894 -0.0097324146312490 0.0001518464282383 -0.0357584816123838 -0.7581580200830359
0.0032566321348963 0.0913492969045094 0.0015364144203280 -0.0080607673589991 0.0000556390629519 -0.0224206344560167 0.7336079030654037 0.0008985962618033
-0.1096548095014057 0.0007980513464031 0.0059619277131117 -0.0001627882779151 -0.0353350834847299 -0.2544945125380265 -0.0067146522149467 0.0899281325300545
-0.0007312679717982 0.0109021475732602 -0.0000592588858989 -0.0315116345973513 -1.0337843540470435 0.0221117702158179 -0.2901491533057371 -0.0034542423124150
0.0263187166086068 -0.0001447155883870 -0.0296204529945448 0.3155935501285074 -0.0048088530774940 -0.1020711247705142 -0.0004163742457254 -0.0119527127510898
0.0000960271298681 -0.0361147499781151 -0.6831730666738081 0.0005554490000679 0.1208787282498815 0.0013060678366332 -0.0016703847162732 -0.0000202494959593
-0.0208282964538812 0.8053870494792089 0.0020594160723375 -0.0733264394402448 0.0007935265867138 0.0119797400291787 -0.0000564486414420 -0.0346901503509900
-0.1581814095376442 -0.0070824651556069 0.0594676119141637 -0.0009549714387250 0.0076513005390467 0.0000159213386219 -0.0327077145238092 -0.9907566101493495
0.0175421188991344 -0.1777194311141612 -0.0011910377221010 0.0012304149469655 -0.0000193792638904 -0.0282667423922454 0.4084877352676021 -0.0037617636582839
-0.1235651774204618 -0.0001011831373553 -0.0121128227307232 0.0000100844116188 -0.0362919525194698 -0.6030110177979178 -0.0017256991914621 0.1361866491067756
0.0009133851259790 0.0044345055014601 -0.0000903667884749 -0.0192287249616988 0.8711621052720854 0.0031293657993906 -0.0210557688651357 0.0006414757347866
0.0155416460736681 0.0001038999653030 -0.0338972652246799 -0.0606305332473538 -0.0071222235657781 0.0253482780304038 -0.0010536217549555 0.0031869412168280
0.0000903773638187 -0.0337416679049015 -0.9404551731273713 0.0133109686345649 -0.0833579182359560 0.0002993581294747 -0.0112605293781727 0.0000819790584546
-0.0268364311007495 0.4982942255770790 -0.0026111723584044 -0.1364673357183302 0.0002128115744572 -0.0100024089695569 -0.0000854580386740 -0.0362916345893216
-0.5182577821338447 -0.0035887375644798 0.1387108850959152 0.0004463288478847 0.0091542357258280 -0.0001347033154989 -0.0176354093100908 0.9304775521911203
0.0040751114328645 0.0480732085565402 0.0003243203562917 0.0142103068445024 0.0002491911101434 -0.0329664006595186 0.0374118066463141 -0.0068660055088976
-0.0103045007732110 -0.0010287164595279 -0.0017706725333409 0.0001457568675115 -0.0346066795454288 -0.8831941571523064 0.0094472718895875 -0.0067500482403252
0.0011587741200917 -0.0148394997691734 0.0001244929287110 -0.0253437007158458 0.5843377572489836 -0.0013993196489689 -0.1389467503572801 0.0004904946377577
-0.0057400515460111 -0.0001630537856795 -0.0361169722557894 -0.4295414580255693 -0.0050416628260912 0.1300679886399211 -0.0000232814060288 0.0118493295947333
-0.0001421378003611 -0.0160612243264670 0.9829364953466945 0.0048667470052609 0.1347365226612505 -0.0001706011159105 0.0050039675623546 0.0002430194913449
-0.0319085986835352 0.1351946936111323 -0.0063492524258237 -0.0453442088571838 -0.0008926948143285 -0.0064472510495859 0.0001672851109147 -0.0352976533670354
-0.8193505932742404 0.0059737737079253 0.0526742157724147 0.0015234147560134 -0.0126573144190739 0.0001068639419839 -0.0238029103483025 0.6659776251127808
-0.0001678215402440 -0.1293177134879887 0.0006980796881993 0.0001639721163070 -0.0001934540833878 -0.0357727092413361 -0.3375266441738218 -0.0060982530453641
0.1120301082983500 -0.0004400632506180 0.0122896208561661 -0.0001114973997514 -0.0145182805404313 1.0282040264906003 0.0054782101006932 0.2393587572424396
-0.0008517369286804 -0.0155966728430312 -0.0001415837754953 -0.0307358357767211 0.2319695421956750 -0.0056101251459364 -0.0776328652424573 -0.0006668753020129
-0.0100977163328072 0.0001471399751766 -0.0358112247422578 -0.7493612724116467 0.0029068590964048 0.0957302085218394 0.0015204428349973 -0.0073193278072080
0.0000469588702186 -0.0222284311364529 0.7426135038141839 0.0010429857109152 -0.1060636370165144 0.0008046520136286 0.0067540111803157 -0.0001538479790726
-0.0352650795800376 -0.2429083800585181 -0.0067776979962202 0.0864999337298176 -0.0007648025169401 0.0105938610651855 -0.0000507330223847 -0.0316650121266446
-1.0289641771557152 0.0215408376468890 -0.2755517944017456 -0.0031338975093762 0.0224706699864603 -0.0001305269094868 -0.0294608792311616 0.3269970126160589
-0.0046888319777190 -0.1050705994024402 -0.0003792676552636 -0.0120887661847784 0.0000868888560148 -0.0361457569989617 -0.6737189880341591 0.0002564943983553
0.1234653499603486 0.0012652090848492 -0.0008886029530632 -0.0000295260210758 -0.0206344808193890 0.8136908604273083 0.0021946675581550 -0.0678589372994462
0.0007833488408824 0.0125858464187349 -0.0000390252791644 -0.0346017166780555 -0.1464057771505292 -0.0071041567510193 0.0554840265762424 -0.0009736759756112
0.0071613088602895 0.0000253653446582 -0.0328418560942283 -0.9850400218803026 0.0170104812722836 -0.1653206589462201 -0.0009720350604144 -0.0008767411383025
-0.0000047172213475 -0.0280971362075514 0.4195538317026761 -0.0036269395404523 -0.1256247551661345 -0.0000623494436369 -0.0119788912692976 -0.0000014862713297
-0.0363013221683810 -0.5929682148408777 -0.0019737376565911 0.1371430581130435 0.0008591392723720 0.0050973511923005 -0.0000974280902324 -0.0190349599957795
0.8787059043920160 0.0032512708042305 -0.0135885546512130 0.0006121160416471 0.0156951720586467 0.0001243161676853 -0.0337915495828994 -0.0487554053085691
-0.0071062502445726 0.0210648673406464 -0.0010570308481863 0.0025969298515315 0.0000984498766061 -0.0338556564764136 -0.9338768139185639 0.0128224593981452
-0.0731334682680108 0.0004343840730173 -0.0121013691411155 0.0000905446536021 -0.0266584968826269 0.5089394509165011 -0.0024666771180589 -0.1373581627748249
0.0002491031996501 -0.0095940206929130 -0.0000964146567905 -0.0362796661752659 -0.5077002657846593 -0.0037865109648273 0.1382239878624569 0.0003882744020243
0.0095970195321394 -0.0001376867526983 -0.0174432917023890 0.9372100256447582 0.0041798527462006 0.0576351349780352 0.0002739906491164 0.0135787489575538
0.0002600850307257 -0.0328446873834709 0.0492954985977238 -0.0068164974288720 -0.0146280359324268 -0.0010177947591812 -0.0023680556242596 0.0001504027389992
-0.0346998053142613 -0.8757964426969357 0.0090049831670980 0.0013557537673209 0.0012267099748119 -0.0148248457791222 0.0001253321508206 -0.0251591731523777
0.5944824739029976 -0.0012502452641999 -0.1384562293163897 0.0005200435005527 -0.0050970459994521 -0.0001698062443046 -0.0360841587949691 -0.4185479753967106
-0.0051905402471999 0.1283448289123853 -0.0000775547282930 0.0120234621895883 -0.0001403716271778 -0.0158722659412517 0.9888136773086911 0.0049509525828832
0.1464582268917687 -0.0002431297209644 0.0031890039975580 0.0002221909401726 -0.0317722927740260 0.1469959308753528 -0.0062707043948784 -0.0494476198611157
-0.0008695966654473 -0.0069584610540105 0.0001671264263963 -0.0353694161037217 -0.8111833648103527 0.0055800328134477 0.0587473870294340 0.0015402202982945
-0.0121321557895166 0.0001013761462248 -0.0236135344150588 0.6755467885382632 -0.0000191391667093 -0.1272525122270607 0.0007169576569967 0.0009504223989418
-0.0001927005753949 -0.0357197288286673 -0.3261799624622776 -0.0062002808790603 0.1092949260405601 -0.0004849509270712 0.0121922059613507 -0.0001054931537603
-0.0143338907648809 1.0331896652652073 0.0055389988776045 0.2532741893713885 -0.0009472567538554 -0.0190573841041392 -0.0002290287141542 -0.0305864459199927
0.2435980598651567 -0.0055073164387793 -0.0812589543749273 -0.0006346843788851 -0.0104383950363749 0.0001418311595798 -0.0358613342107832 -0.7404813725096309
0.0025632164129398 0.0998856663351727 0.0015007803036423 -0.0065624630375040 0.0000380360739586 -0.0220359420051947 0.7515373416091334 0.0011865031057404
-0.1022524591217264 0.0008093672301321 0.0075355799424685 -0.0001437641163659 -0.0351927850732678 -0.2312945296300210 -0.0068355500352947 0.0829910114150908
-0.0007966168535843 0.0102597974002012 -0.0000419773976457 -0.0318161132150535 -1.0240337429758744 0.0209744409211533 -0.2612212122093898 -0.0028267680119251
0.0188610085378426 -0.0001157132740273 -0.0292999998609456 0.3383641329077329 -0.0045667434882310 -0.1079687807052751 -0.0003417274937817 -0.0121936155441982
0.0000773252693998 -0.0361741314592695 -0.6641897659479503 -0.0000362773415349 0.1258451108271876 0.0012221519468787 -0.0001139591326903 -0.0000386686186552
-0.0204405838842588 0.8219054981203994 0.0023285178938140 -0.0621550196610606 0.0007709611357089 0.0131525887326893 -0.0000208296580429 -0.0345111237858384
-0.1346132614534967 -0.0071210759694684 0.0514503618747744 -0.0009905203550993 0.0066545282586803 0.0000347647748723 -0.0329735991289929 -0.9792169520338072
0.0164838826819925 -0.1531874211889910 -0.0007641336034026 -0.0028063327850805 0.0000094374483276 -0.0279264287749347 0.4305732811999168 -0.0034906695738340
-0.1275545334507510 -0.0000235957947651 -0.0118111129912996 -0.0000131615601755 -0.0363080849796005 -0.5828589662433565 -0.0022156328231764 0.1379141012617430
0.0008039606925639 0.0057378004623771 -0.0001040717009237 -0.0188413112148861 0.8861539316945609 0.0033712898824746 -0.0058718612094145 0.0005802973339796
0.0157725468493608 0.0001444110972015 -0.0336838234624999 -0.0368743856189228 -0.0070859832632903 0.0167627133722231 -0.0010586250971098 0.0020009769763427
0.0001062068537795 -0.0339671493538953 -0.9271967075536584 0.0123394041413911 -0.0631694584606295 0.0005603912300914 -0.0128179051588894 0.0000981836588676
-0.0264796705077960 0.5195281534250617 -0.0023213571296885 -0.1380924877610780 0.0002847974578120 -0.0091541050770046 -0.0001070562265437 -0.0362651405323043
-0.4970856124121018 -0.0039782695226569 0.1375758098281548 0.0003303138965055 0.0100088429194378 -0.0001401056207999 -0.0172514784528307 0.9438409975724735
0.0042822746123987 0.0674560506403912 0.0002210249682761 0.0128262349752620 0.0002685388666287 -0.0327211278675482 0.0611740353277536 -0.0067632227662795
-0.0189387199876163 -0.0010052610665637 -0.0029598854011105 0.0001545218164710 -0.0347903635524759 -0.8683026359046041 0.0085684716701692 0.0092099530173225
0.0012876194489392 -0.0147312435482074 0.0001252871523569 -0.0249739648400883 0.6045613108883693 -0.0011009568342697 -0.1377846833924528 0.0005485005712164
-0.0044307043649845 -0.0001758077569408 -0.0360488606464481 -0.4075071907732908 -0.0053336157556570 0.1264867195151717 -0.0001309496663751 0.0121639972972801
-0.0001380423448697 -0.0156837885840313 0.9945845452795304 0.0050324624439333 0.1584447133626313 -0.0003184104634140 0.0012003874958893 0.0001954314237803
-0.0316343183590133 0.1587810126084611 -0.0061889556832840 -0.0535067639012602 -0.0008452161986054 -0.0074532015946180 0.0001663383087842 -0.0354385649481206
-0.8029265716911271 0.0051922986158918 0.0645813808732084 0.0015518527325690 -0.0115653647423492 0.0000953019040911 -0.0234236890220497 0.6850413194614857
0.0001291665383667 -0.1249842923610063 0.0007342944721992 0.0017453728000000 -0.0001908686430843 -0.0356643580394575 -0.3147962504561035 -0.0062967986269839
0.1064529995447953 -0.0005284130244034 0.0120635784397094 -0.0000990600068537 -0.0141501451127965 1.0380651340296965 0.0055967778988216 0.2674563625488994
-0.0010456035165587 -0.0227520010347882 -0.0003276544488840 -0.0304355766608086 0.2551995699628336 -0.0054019018491897 -0.0848099738108657 -0.0006016352318045
-0.0107534795350815 0.0001359331255703 -0.0359088088206129 -0.7315192521895820 0.0022257154296899 0.1038177603489034 0.0014776192409436 -0.0057933139069889
0.0000289189173931 -0.0218431921526408 0.7603784769105570 0.0013290821916916 -0.0982191159755659 0.0008121537062359 0.0083035517460285 -0.0001325522465229
-0.0351182149099522 -0.2196542631008369 -0.0068882560781139 0.0794050296468091 -0.0008266833166794 0.0099009076806932 -0.0000330235331539 -0.0319649217502083
-1.0189934571443180 0.0204126455980849 -0.2471574637937346 -0.0025325979818729 0.0154819724064392 -0.0001004594134951 -0.0291378393280242 0.3496936419602844
-0.0044426626480886 -0.1107621297190019 -0.0003038148599061 -0.0122667093116245 0.0000673681588529 -0.0361998751785860 -0.6545864197035040 -0.0003228661628884
0.1280204681416207 0.0011770622811302 0.0006513183140427 -0.0000476367331077 -0.0202466300116377 0.8300301181109161 0.0024609057990961 -0.0562129199300098
0.0007563292513720 0.0136759333270319 -0.0000019502723743 -0.0344183888181897 -0.1228051886827580 -0.0071332779672378 0.0473703886228858 -0.0010055007190749
0.0061321986491461 0.0000440854483096 -0.0331029305107174 -0.9732879242021572 0.0159623782170952 -0.1413193036975251 -0.0005670779521632 -0.0045652287376561
0.0000230013618562 -0.0277546452397123 0.4415448617494326 -0.0033530292832463 -0.1293511711346636 0.0000150147227911 -0.0116094854992605 -0.0000248945745503
-0.0363122457121481 -0.5726843696436933 -0.0024513956062656 0.1385025671502722 0.0007479867325982 0.0063544723104095 -0.0001102720089285 -0.0186478019732739
0.8935054451959277 0.0034893676164703 0.0020956574036185 0.0005459944668361 0.0157687649735751 0.0001639889982738 -0.0335741059883475 -0.0249888125609872
-0.0070614841325225 0.0124456414668897 -0.0010584212916028 0.0014004660899199 0.0001136184301960 -0.0340761364739821 -0.9204154914395433 0.0118618469926255
-0.0534650141248483 0.0006776270150774 -0.0134160619452992 0.0001048811530270 -0.0262999775317341 0.5300591693127987 -0.0021752871820119 -0.1386672142606458
0.0003198326994574 -0.0086833256701262 -0.0001173286901820 -0.0362480652547573 -0.4864149880855931 -0.0041640346536807 0.1367694308168666 0.0002725553128031
0.0103890872699819 -0.0001419522763740 -0.0170599916355786 0.9503698347957410 0.0043823282550044 0.0775368586444059 0.0001654063023889 0.0119467917663298
0.0002742098275813 -0.0325957429821112 0.0730460786731873 -0.0067062482559162 -0.0232327259650818 -0.0009911492293020 -0.0035447832163765 0.0001580950229973
-0.0348783472816942 -0.8607134827169499 0.0081377702413208 0.0168138683641062 0.0013417355174621 -0.0145636458827907 0.0001243840545233 -0.0247881014499331
0.6145731732316232 -0.0009515272265644 -0.1369293047663565 0.0005758085824416 -0.0037424575437222 -0.0001810098994533 -0.0360110881098562 -0.3964203280429149
-0.0054709206515536 0.1244969878168006 -0.0001833874223231 0.0122709758634967 -0.0001351597084918 -0.0154958127909557 1.0002485801362950 0.0051112351122460
0.1706964256339849 -0.0003964541421883 -0.0009687932360700 0.0001622062613156 -0.0314946978027429 0.1705486132307324 -0.0061040770641574 -0.0575178652877286
-0.0008196004542435 -0.0079302471649631 0.0001649175439177 -0.0355050960095747 -0.7945810620237477 0.0048105925141246 0.0701779384395688 0.0015585252841967
-0.0109609202235200 0.0000886864658775 -0.0232333996602169 0.6944602016254249 0.0002770257599825 -0.1225105749698333 0.0007500395842102 0.0025465416266526
-0.0001879336111417 -0.0356066097239861 -0.3033767786610745 -0.0063878467234436 0.1035078569814605 -0.0005703988058143 0.0119043207846563 -0.0000922216825320
-0.0139670623404351 1.0428300318267483 0.0056515135201388 0.2819052498005197 -0.0011467847131355 -0.0266883179930275 -0.0004382369533522 -0.0302832515918958
0.2667727717292920 -0.0052939549658470 -0.0882822514246861 -0.0005677841147783 -0.0110420422604386 0.0001294613364820 -0.0359536477433732 -0.7224758543268177
0.0018943661117193 0.1075286268651387 0.0014511489842711 -0.0050149079076669 0.0000196552527564 -0.0216502065963026 0.7691359812820660 0.0014706572665683
-0.0939614937866983 0.0008129692212809 0.0090547308777395 -0.0001202351280140 -0.0350413843130608 -0.2079888859209748 -0.0069358648223897 0.0757456681721291
-0.0008549772777114 0.0095181855735130 -0.0000239036394123 -0.0321114219787680 -1.0138437397800608 0.0198555159991966 -0.2333605487177811 -0.0022511311977809
0.0123259060877168 -0.0000849358420873 -0.0289744221768495 0.3609842758197701 -0.0043166646211132 -0.1134471288810276 -0.0002655912883355 -0.0123075558718034
0.0000570514132986 -0.0362229903374964 -0.6449099785908714 -0.0006032733591945 0.1299939213641444 0.0011301025709388 0.0014051075772774 -0.0000563913237599
