-0.0291967160116735 1.0452315437575568 -0.0209673526600951 -0.3075836429913573 -0.0035992688717807 -0.0316879394332120 0.0002647027545790 0.0020066822577352 0.0000135813676491 0.0000889403489296 -0.0000005599741080 0.0000030161212093
-0.0291806218044584 1.0369462777902507 -0.0199936092691689 -0.2813061834134145 -0.0030186059813857 -0.0244951266574869 0.0001798474915337 0.0011403521757970 0.0000059546878260 0.0000267316650915 -0.0000000789774401 -0.0000000900892654
-0.0291537720165037 1.0283156009612588 -0.0190382725733777 -0.2558664419257030 -0.0024858175194637 -0.0180608047864860 0.0001089142509419 0.0004552981517015 0.0000005075877311 -0.0000140506770168 0.0000001921739820 -0.0000016092825879
-0.0291161758574323 1.0193417084656324 -0.0181016277006071 -0.2312647394259810 -0.0019986593773773 -0.0123414319295875 0.0000504390214915 -0.0000718090776885 -0.0000031689646141 -0.0000381229721148 0.0000003143239331 -0.0000020680470380
-0.0290678477337427 1.0100269371388029 -0.0171839422985552 -0.2075008319737427 -0.0015549298659492 -0.0072945775915642 0.0000030599543658 -0.0004623595012369 -0.0000054293590493 -0.0000494786958105 0.0000003352884616 -0.0000018685443237
-0.0290088072447261 1.0003737646508464 -0.0162854664389509 -0.1845739123865745 -0.0011524708575766 -0.0028789352622762 -0.0000344869504208 -0.0007359016896526 -0.0000065786283957 -0.0000514673318371 0.0000002921478436 -0.0000013092551002
-0.0289390791755817 0.9903848086362843 -0.0154064325345386 -0.1624826121572500 -0.0007891688659554 0.0009456662222356 -0.0000633720973659 -0.0009102385856425 -0.0000068773712543 -0.0000468672191604 0.0000002130248303 -0.0000006048220978
-0.0288586934877380 0.9800628257597783 -0.0145470552688666 -0.1412250036903194 -0.0004629560628964 0.0042182525484459 -0.0000846764852036 -0.0010015211761600 -0.0000065463316181 -0.0000379527397839 0.0000001186982652 0.0000000976958271
-0.0287676853063788 0.9694107107181034 -0.0137075315388933 -0.1207986028567808 -0.0001718112319079 0.0069766950243040 -0.0000993958296533 -0.0010243399910728 -0.0000057706518148 -0.0000265561110120 0.0000000239168459 0.0000007042902970
-0.0286660949051854 0.9584314951788031 -0.0128880404104217 -0.1012003718652561 0.0000862393418337 0.0092577029077471 -0.0001084446156493 -0.0009918143818556 -0.0000047038157585 -0.0000141240235152 -0.0000000614445186 0.0000011616114893
-0.0285539676882970 0.9471283466560008 -0.0120887430863695 -0.0824267224479013 0.0003131210453662 0.0110968169632796 -0.0001126600760555 -0.0009156795337628 -0.0000034712909471 -0.0000017694442492 -0.0000001313184367 0.0000014472404107
-0.0284313541695045 0.9355045673238103 -0.0113097828878610 -0.0644735193591287 0.0005107101759020 0.0125284042443211 -0.0001128060936868 -0.0008063711694361 -0.0000021738879730 0.0000096812050803 -0.0000001825657799 0.0000015612964771
-0.0282983099486839 0.9235635927678718 -0.0105512852481306 -0.0473360841850295 0.0006808332430464 0.0135856540980010 -0.0001095770242250 -0.0006731079059665 -0.0000008908480269 0.0000196452218530 -0.0000002143371273 0.0000015191290714
-0.0281548956854827 0.9113089906755539 -0.0098133577192129 -0.0310091994612267 0.0008252663353634 0.0143005753882413 -0.0001036014367856 -0.0005239712306672 0.0000003173277710 0.0000277449113101 -0.0000002273789468 0.0000013461466889
-0.0280011770702749 0.8987444594653709 -0.0090960899913837 -0.0154871130967084 0.0009457345513678 0.0147039949320446 -0.0000954457700653 -0.0003659830645636 0.0000014062902102 0.0000337727216865 -0.0000002235788756 0.0000010730681404
-0.0278372247923986 0.8858738268562303 -0.0083995539253185 -0.0007635431010356 0.0010439114949094 0.0148255571431545 -0.0000856179015012 -0.0002051808851882 0.0000023454882966 0.0000376600395695 -0.0000002055571855 0.0000007324563663
-0.0276631145056935 0.8727010483771255 -0.0077238035969091 0.0131683173878688 0.0011214188349637 0.0146937248761468 -0.0000745706273414 -0.0000466903855212 0.0000031160328813 0.0000394493674009 -0.0000001763001871 0.0000003563723634
-0.0274789267913576 0.8592302058179328 -0.0070688753546893 0.0263157947782781 0.0011798259296499 0.0143357814633974 -0.0000627050515574 0.0001052043515213 0.0000037087684020 0.0000392696986843 -0.0000001389435272 -0.0000000256071743
-0.0272847471181415 0.8454655056219951 -0.0064347878897978 0.0386867294046929 0.0012206495143661 0.0137778339363455 -0.0000503738817142 0.0002469931804475 0.0000041225346558 0.0000373148384032 -0.0000000965504511 -0.0000003880155265
-0.0270806657999046 0.8314112772212051 -0.0058215423184064 0.0502894696166007 0.0012453534538263 0.0130448174215911 -0.0000378846302751 0.0003758747354281 0.0000043626157537 0.0000338245096822 -0.0000000519840921 -0.0000007097217562
-0.0268667779505543 0.8170719713143296 -0.0052291222765284 0.0611328655794079 0.0012553485577116 0.0121605007017617 -0.0000255027195042 0.0004896937971804 0.0000044393572702 0.0000290679981451 -0.0000000077818995 -0.0000009748078708
-0.0266431834363935 0.8024521580893386 -0.0046574940271189 0.0712262627911280 0.0012519924596488 0.0111474929298779 -0.0000134544888800 0.0005868811910954 0.0000043669438477 0.0000233301513542 0.0000000338853444 -0.0000011723695531
-0.0264099868259031 0.7875565253905399 -0.0041066065793640 0.0805794953185709 0.0012365895591350 0.0100272514854838 -0.0000019301037085 0.0006663962195216 0.0000041623269833 0.0000168995807858 0.0000000712769864 -0.0000012962849155
-0.0261672973369845 0.7723898768313384 -0.0035763918200542 0.0892028787569343 0.0012103910259770 0.0088200909596821 0.0000089136360745 0.0007276716274585 0.0000038442883014 0.0000100588174678 0.0000001030512197 -0.0000013449893315
-0.0259152287816984 0.7569571298534686 -0.0030667646569262 0.0971072029168514 0.0011745948668012 0.0075451932556460 0.0000189505879562 0.0007705610974468 0.0000034326355983 0.0000030763156290 0.0000001283104607 -0.0000013208606679
-0.0256538995085186 0.7412633137335777 -0.0025776231738479 0.1043037242430938 0.0011303460530952 0.0062206187902479 0.0000280826601180 0.0007952892672095 0.0000029475124489 -0.0000037999025398 0.0000001465176221 -0.0000012296154769
-0.0253834323421447 0.7253135675380581 -0.0021088487977172 0.1108041579692786 0.0010787367102066 0.0048633187816367 0.0000362373067953 0.0008024042579846 0.0000024088215194 -0.0000103471115552 0.0000001575149838 -0.0000010797056553
-0.0251039545208999 0.7091131380270558 -0.0016603064769353 0.1166206700130788 0.0010208063666995 0.0034891486069621 0.0000433651259664 0.0007927327006714 0.0000018357447448 -0.0000163714017404 0.0000001614616821 -0.0000008814097826
-0.0248155976317499 0.6926673775086076 -0.0012318448713070 0.1217658686165684 0.0009575422633669 0.0021128822135407 0.0000494375596089 0.0007673372415547 0.0000012463547677 -0.0000217100090132 0.0000001587617648 -0.0000006466365653
-0.0245184975429801 0.6759817416438804 -0.0008232965532150 0.1262527957364827 0.0008898797212175 0.0007482275660202 0.0000544446966526 0.0007274765084405 0.0000006573129838 -0.0000262325805656 0.0000001500575420 -0.0000003877706609
-0.0242127943345693 0.6590617872045108 -0.0004344782199050 0.1300949181893078 0.0008187025676382 -0.0005921568884753 0.0000583931784352 0.0006745675109516 0.0000000836363146 -0.0000298415170212 0.0000001361225967 -0.0000001176186585
-0.0238986322262948 0.6419131697830740 -0.0000651909167156 0.1333061185562499 0.0007448436199508 -0.0018966447562706 0.0000613042065398 0.0006101504510083 -0.0000004614644941 -0.0000324715125766 0.0000001179088842 0.0000001517296823
-0.0235761595036132 0.6245416414577190 0.0002847797289274 0.1359006858532602 0.0006690852254719 -0.0031546232535206 0.0000632116525094 0.0005358559114937 -0.0000009666875691 -0.0000340884060695 0.0000000963863203 0.0000004088632500
-0.0232455284413557 0.6069530484120477 0.0006156632629299 0.1378933059714387 0.0005921598572039 -0.0043564738034413 0.0000641602689888 0.0004533743909967 -0.0000014226907958 -0.0000346874565977 0.0000000725792899 0.0000006435005528
-0.0229068952252816 0.5891533285113182 0.0009277041495578 0.1392990518932372 0.0005147507641882 -0.0054935516953262 0.0000642040014926 0.0003644281485453 -0.0000018220947592 -0.0000342911345297 0.0000000475014757 0.0000008470292128
-0.0225604198715321 0.5711485088360950 0.0012211615062664 0.1401333736900342 0.0004374926755310 -0.0065581648269119 0.0000634044000709 0.0002707453191427 -0.0000021594486026 -0.0000329465518334 0.0000000221131316 0.0000010122775697
-0.0222062661440324 0.5529447031744683 0.0014963088285370 0.1404120883067571 0.0003609725570838 -0.0075435515524366 0.0000618291297516 0.0001740362586682 -0.0000024311571647 -0.0000307225750345 -0.0000000026942279 0.0000011341137764
-0.0218446014698844 0.5345481094740026 0.0017534337049314 0.1401513691393478 0.0002857304196774 -0.0084438576592211 0.0000595505787673 0.0000759720736099 -0.0000026353837292 -0.0000277067570816 -0.0000000261076080 0.0000012092334350
-0.0214755968528000 0.5159650072545819 0.0019928375225783 0.1393677354109869 0.0002122601778086 -0.0092541124963327 0.0000566445630926 -0.0000218347115789 -0.0000027719268943 -0.0000240021062175 -0.0000000474473566 0.0000012362646686
-0.0210994267846224 0.4972017549833508 0.0022148351633162 0.1380780413530938 0.0001410105576196 -0.0099702042794305 0.0000531891262182 -0.0001178473995711 -0.0000028420783943 -0.0000197238102826 -0.0000000661328054 0.0000012155833235
-0.0207162691549854 0.4782647874129509 0.0024197546907212 0.1362994651972335 0.0000723860529664 -0.0105888545964849 0.0000492634321919 -0.0002106203303438 -0.0000028484677916 -0.0000149959564749 -0.0000000817323188 0.0000011493006905
-0.0203263051591599 0.4591606128842899 0.0026079370282544 0.1340494979841641 0.0000067479283543 -0.0111075921396516 0.0000449467505891 -0.0002988121105194 -0.0000027948960713 -0.0000099482878238 -0.0000000939311417 0.0000010410834217
-0.0199297192041402 0.4398958105950889 0.0027797356287687 0.1313459321963592 -0.0000555847325494 -0.0115247256890751 0.0000403175314989 -0.0003811969204220 -0.0000026861630850 -0.0000047130797547 -0.0000001025690791 0.0000008958837376
-0.0195266988130236 0.4204770278354631 0.0029355161356215 0.1282068502204291 -0.0001143339341070 -0.0118393163750150 0.0000354525684515 -0.0004566739576642 -0.0000025278913192 0.0000005778423002 -0.0000001075883086 0.0000007198259784
-0.0191174345277338 0.4009109771918226 0.0030756560356453 0.1246506126459751 -0.0001692616329801 -0.0120511492450443 0.0000304262476090 -0.0005242750802149 -0.0000023263505939 0.0000057958957742 -0.0000001090462656 0.0000005198065912
-0.0187021198101451 0.3812044337203848 0.0032005443042322 0.1206958464074824 -0.0002201685608232 -0.0121607041637514 0.0000253098805331 -0.0005831707118627 -0.0000020882853029 0.0000108183250427 -0.0000001071231142 0.0000003033955686
-0.0182809509416624 0.3613642320916067 0.0033105810427935 0.1163614327759551 -0.0002668930068280 -0.0121691260726800 0.0000201711187593 -0.0006326740778100 -0.0000018207461069 0.0000155305260556 -0.0000001020915052 0.0000000783817581
-0.0178541269213125 0.3413972637068625 0.0034061771088631 0.1116664952070774 -0.0003093095615536 -0.0120781946387985 0.0000150734474587 -0.0006722438376920 -0.0000015309299373 0.0000198281099773 -0.0000000942845525 -0.0000001472757923
-0.0174218493624033 0.3213104737887023 0.0034877537391137 0.1066303870527583 -0.0003473278235117 -0.0118902933201550 0.0000100757557402 -0.0007014851867055 -0.0000012260302334 0.0000236186771726 -0.0000000841088376 -0.0000003658782392
-0.0169843223878106 0.3011108584460435 0.0035557421655636 0.1012726791430007 -0.0003808910700010 -0.0116083778778233 0.0000052319811478 -0.0007201494969741 -0.0000009130957895 0.0000268232972589 -0.0000000720175130 -0.0000005701635779
-0.0165417525239492 0.2808054617156564 0.0036105832252538 0.0956131472451028 -0.0004099748937299 -0.0112359443636313 0.0000005908254648 -0.0007281325728301 -0.0000005989049261 0.0000293776733994 -0.0000000584874209 -0.0000007534757916
-0.0160943485934885 0.2604013725813188 0.0036527269636786 0.0896717594072624 -0.0004345858067632 -0.0107769966134957 -0.0000038044608810 -0.0007254715957161 -0.0000002898501874 0.0000312330042827 -0.0000000440134395 -0.0000009099946232
-0.0156423216068723 0.2399057219720249 0.0036826322322606 0.0834686631937291 -0.0004547598133900 -0.0102360132765915 -0.0000079162287067 -0.0007123408355054 0.0000000081601541 0.0000323565331520 -0.0000000290821466 -0.0000010348555044
-0.0151858846527047 0.2193256797406431 0.0037007662801598 0.0770241728186997 -0.0004705609534974 -0.0096179144108513 -0.0000117125172189 -0.0006890462072992 0.0000002897872789 0.0000327317877448 -0.0000000141666711 -0.0000011243386294
-0.0147252527870613 0.1986684516244296 0.0037076043407143 0.0703587561862116 -0.0004820798180873 -0.0089280276756379 -0.0000151670815124 -0.0006560187529314 0.0000005503310981 0.0000323585257632 0.0000000002856667 -0.0000011758966686
-0.0142606429217897 0.1779412761888094 0.0037036292128101 0.0634930218433405 -0.0004894320385760 -0.0081720541527082 -0.0000182593634724 -0.0006138071291913 0.0000007857843850 0.0000312523904913 0.0000000138767570 -0.0000011881949251
-0.0137922737118607 0.1571514217558494 0.0036893308374843 0.0564477058540561 -0.0004927567515450 -0.0073560338268188 -0.0000209744093903 -0.0005630691844131 0.0000009928715413 0.0000294442953138 0.0000000262527618 -0.0000011611910215
-0.0133203654418329 0.1363061833188521 0.0036652058700648 0.0492436586011322 -0.0004922150406285 -0.0064863107575972 -0.0000233027374703 -0.0005045627074173 0.0000011690718332 0.0000269795534577 0.0000000371207785 -0.0000010960758021
-0.0128451399114957 0.1154128794445066 0.0036317572481559 0.0419018315235500 -0.0004879883572348 -0.0055694979745091 -0.0000252401586113 -0.0004391354330303 0.0000013126285045 0.0000239167682720 0.0000000462467130 -0.0000009952262578
-0.0123668203207531 0.0944788491640401 0.0035894937557798 0.0344432637968645 -0.0004802769218261 -0.0046124421269344 -0.0000267875538528 -0.0003677143896591 0.0000014225435410 0.0000203265148952 0.0000000534679475 -0.0000008620788706
-0.0118856311538133 0.0735114488548178 0.0035389295839870 0.0268890689640396 -0.0004692981074856 -0.0036221879215487 -0.0000279506119081 -0.0002912946747727 0.0000014985588526 0.0000162898276803 0.0000000586862703 -0.0000007010878874
-0.0114017980627493 0.0525180491138443 0.0034805838882508 0.0192604215242820 -0.0004552848075153 -0.0026059423793538 -0.0000287395303307 -0.0002109277454737 0.0000015411254444 0.0000118965290850 0.0000000618715759 -0.0000005175272205
-0.0109155477504940 0.0315060316246229 0.0034149803429619 0.0115785434874286 -0.0004384837888277 -0.0015710389448292 -0.0000291686837990 -0.0001277093112041 0.0000015513605502 0.0000072434187937 0.0000000630572095 -0.0000003173470684
-0.0104271078533376 0.0104827860188341 0.0033426466933436 0.0038646909014594 -0.0004191540328924 -0.0005249014797685 -0.0000292562631445 -0.0000427669165689 0.0000015309948159 0.0000024323583589 0.0000000623382571 -0.0000001069852673
-0.0099367068229902 -0.0105442932657056 0.0032641143051053 -0.0038598596392741 -0.0003975650660192 0.0005249918255330 -0.0000290238887164 0.0000427526975407 0.0000014823100477 -0.0000024317217160 0.0000000598609248 0.0000001067897714
-0.0094445738082784 -0.0315678101293389 0.0031799177121581 -0.0115738244975095 -0.0003739952807580 0.0015711445910307 -0.0000284962017466 0.0001276963660325 0.0000014080692199 -0.0000072428619487 0.0000000558218318 0.0000003171387986
-0.0089509385365384 -0.0525803699556511 0.0030905941627128 -0.0192559265006146 -0.0003487302502085 0.0026060784028859 -0.0000277004373564 0.0002109173163193 0.0000013114400583 -0.0000118961286344 0.0000000504532572 0.0000005173175544
-0.0084560311947754 -0.0735745827558768 0.0029966831640857 -0.0268849084446044 -0.0003220610370319 0.0036223689538452 -0.0000266659829485 0.0002912879409346 0.0000011959130654 -0.0000162896542693 0.0000000440174642 0.0000007008576874
-0.0079600823106532 -0.0945430663111631 0.0028987260265345 -0.0344395465870274 -0.0002942824989640 0.0046126821353039 -0.0000254239256090 0.0003677124374137 0.0000010652164628 -0.0000203266291371 0.0000000367990215 0.0000008618392872
-0.0074633226333806 -0.1154784493112245 0.0027972654064492 -0.0418986641211214 -0.0002656915926284 0.0055698100483433 -0.0000240065923310 0.0004391392270346 0.0000009232287397 -0.0000239172203755 0.0000000290865582 0.0000009949683543
-0.0069659830145624 -0.1363733744879283 0.0026928448492226 -0.0492411446236507 -0.0002365856774502 0.0064867069010679 -0.0000224470866857 0.0005045730639778 0.0000007738900921 -0.0000269803782855 0.0000000211786032 0.0000010958117213
-0.0064682942890792 -0.1572205017423469 0.0025860083321258 -0.0564459454688484 -0.0002072608214695 0.0073565247596694 -0.0000207788257478 0.0005630867475463 0.0000006211154931 -0.0000294455126094 0.0000000133557925 0.0000011609250600
-0.0059704871560649 -0.1780125112638240 0.0024772998075105 -0.0634921112009098 -0.0001780101108495 0.0081726491207439 -0.0000190350809082 0.0006138323492101 0.0000004687095032 -0.0000312540012645 0.0000000058747695 0.0000011879129279
-0.0054727920600447 -0.1987421066395965 0.0023672627466653 -0.0703587868575012 -0.0001491219648729 0.0089287342724872 -0.0000172485263158 0.0006560518686153 0.0000003202845176 -0.0000323605146497 -0.0000000010183662 0.0000011756273148
-0.0049754390723042 -0.2194020179535282 0.0022564396846464 -0.0770252312367780 -0.0001208784582124 0.0096187384125959 -0.0000154507987059 0.0006890872317726 0.0000001791843568 -0.0000327341193733 -0.0000000071259788 0.0000011241019153
-0.0044786577725504 -0.2399850048725084 0.0021453717664060 -0.0834708301004378 -0.0000935536522567 0.0102369584908042 -0.0000136720721111 0.0007123895460813 0.0000000484150250 -0.0000323591538832 -0.0000000122877519 0.0000010346437085
-0.0039826771309352 -0.2604838597190797 0.0020345982945403 -0.0896751093053658 -0.0000674119372630 0.0107780647442265 -0.0000119406512699 0.0007255275281584 -0.0000000694185489 -0.0000312358441884 -0.0000000163828899 0.0000009098226725
-0.0034877253905032 -0.2808914105288654 0.0019246562789756 -0.0956177478564719 -0.0000427063870984 0.0112371348938849 -0.0000102825872741 0.0007281950204382 -0.0000001721661564 -0.0000293806450537 -0.0000000193434250 0.0000007533663973
-0.0029940299501309 -0.3012005240913698 0.0018160799889118 -0.1012785908733636 -0.0000196771283192 0.0116096879710109 -0.0000087213189851 0.0007202175140116 -0.0000002581749723 -0.0000268263010724 -0.0000000211523267 0.0000005701432282
-0.0025018172480216 -0.3214041089727424 0.0017094005073398 -0.1066376624635374 0.0000014502746657 0.0118917177420043 -0.0000072773438805 0.0007015575974434 -0.0000003263239884 -0.0000236216022211 -0.0000000218383426 0.0000003659027435
-0.0020113126458213 -0.3414951185190934 0.0016051452884464 -0.1116751784948374 0.0000204664166378 0.0120797257011820 -0.0000059679216615 0.0006723192501167 -0.0000003760443244 -0.0000198308342798 -0.0000000214777391 0.0000001473892954
-0.0015227403134178 -0.3614665538389699 0.0015038377182214 -0.1163715592599703 0.0000371796290865 0.0121707536007904 -0.0000048068142357 0.0006327509025798 -0.0000004073293031 -0.0000155329280377 -0.0000000201937558 -0.0000000781654745
-0.0010363231144895 -0.3813114667636022 0.0014059966785739 -0.1207074420259334 0.0000514175365319 0.0121624154880269 -0.0000038040653480 0.0005832471864548 -0.0000004207312414 -0.0000108202802306 -0.0000000181387916 -0.0000003030222937
-0.0005522824928646 -0.4010229627835472 0.0013121361152693 -0.1246636934612768 0.0000630285899582 0.0120529292192158 -0.0000029658231631 0.0005243492979373 -0.0000004173443960 -0.0000057972845415 -0.0000000155065005 -0.0000005193478219
-0.0000708383597548 -0.4205942039603653 0.0012227646099867 -0.1282214219341771 0.0000718835757155 0.0118411474216092 -0.0000022942092386 0.0004567439015712 -0.0000003987755760 -0.0000005785546321 -0.0000000125067951 -0.0000007192644965
0.0004077910180746 -0.4400184118119775 0.0011383849568041 -0.1313619896743898 0.0000778770982480 0.0115265878737034 -0.0000017872368708 0.0003812605017042 -0.0000003671025403 0.0000047131401434 -0.0000000093589543 -0.0000008952542168
0.0008833891291364 -0.4592888701703657 0.0010594937434053 -0.1340670247922005 0.0000809290350346 0.0111094632753189 -0.0000014387821144 0.0002988672114163 -0.0000003248174798 0.0000099492015749 -0.0000000063058860 -0.0000010403715937
0.0013557413269940 -0.4783989280102923 0.0009865809373063 -0.1363184331475887 0.0000809859621569 0.0105907103792260 -0.0000012386103228 0.0002106648504041 -0.0000002747604602 0.0000149977803342 -0.0000000035496738 -0.0000011485241395
0.0018246349389158 -0.4973420022477244 0.0009201294773918 -0.1380984100628984 0.0000780225489241 0.0099720184563824 -0.0000011724615096 0.0001178793055831 -0.0000002200394097 0.0000197265733318 -0.0000000013000301 -0.0000012147614276
0.0022898593733482 -0.5161115805066708 0.0008606148710503 -0.1393894518723861 0.0000720429200157 0.0092558570675089 -0.0000012221969578 0.0000218520899994 -0.0000001639410375 0.0000240058069597 0.0000000002617900 -0.0000012354599693
0.0027512062261534 -0.5347012238531511 0.0008085047971911 -0.1401743673021188 0.0000630819836392 0.0084455031140131 -0.0000013660103518 -0.0000759709618906 -0.0000001098310592 0.0000277113660101 0.0000000010038482 -0.0000012084471935
0.0032084693855476 -0.5531045694950291 0.0007642587154231 -0.1404362886737821 0.0000512067241937 0.0075450671419863 -0.0000015787056468 -0.0001740529229747 -0.0000000610474598 0.0000307280218452 0.0000000008370383 -0.0000011333479575
0.0036614451356886 -0.5713153334464657 0.0007283274816707 -0.1401586829260470 0.0000365174580144 0.0065595188733758 -0.0000018320447706 -0.0002707809825741 -0.0000000207884357 0.0000329527306201 -0.0000000002640560 -0.0000010116411822
0.0041099322588517 -0.5893273131557647 0.0007011529704984 -0.1393253624472650 0.0000191490507504 0.0054947119389894 -0.0000020951671465 -0.0003644836926266 0.0000000080081825 0.0000342979080989 -0.0000000022918889 -0.0000008464951688
0.0045537321361384 -0.6071343900953896 0.0006831677044093 -0.1379204957133424 -0.0000007279050063 0.0043574077886866 -0.0000023350839593 -0.0004534503019067 0.0000000227794040 0.0000346946470586 -0.0000000051398662 -0.0000006432090003
0.0049926488466668 -0.6247305323129696 0.0006747944903782 -0.1359286177247629 -0.0000229059532017 0.0031552987544931 -0.0000025172488539 -0.0005359522297232 0.0000000214601018 0.0000340958075295 -0.0000000086630287 -0.0000004087302289
0.0054264892651835 -0.6421097969421109 0.0006764460638786 -0.1333346402368414 -0.0000471396802410 0.0018970302431324 -0.0000026062078908 -0.0006102667244567 0.0000000025931783 0.0000324788895883 -0.0000000126510532 -0.0000001517815617
0.0058550631580516 -0.6592663326718624 0.0006885247406502 -0.1301238617773940 -0.0000731446646393 0.0005922220350037 -0.0000025663300890 -0.0006747027545679 -0.0000000345587231 0.0000298486081616 -0.0000000168193363 0.0000001173707214
0.0062781832775547 -0.6761943821737041 0.0007114220764561 -0.1262819774461354 -0.0001005964716501 -0.0007485113326951 -0.0000023626213711 -0.0007276291701923 -0.0000000899204325 0.0000262391152529 -0.0000000208747286 0.0000003873120207
0.0066956654544724 -0.6928882844849389 0.0007455185350684 -0.1217950884902323 -0.0001291296940971 -0.0021135411204108 -0.0000019616226137 -0.0007675051783818 -0.0000001625180089 0.0000217157041194 -0.0000000244513978 0.0000006458600449
0.0071073286888741 -0.7093424773473972 0.0007911831647158 -0.1166497116505609 -0.0001583370405898 -0.0034902058991706 -0.0000013323947099 -0.0007929131638933 -0.0000002504174131 0.0000163759793055 -0.0000000271902297 0.0000008804109156
0.0075129952390808 -0.7255514995003890 0.0008487732832226 -0.1108327882733508 -0.0001877684722581 -0.0048647940424277 -0.0000004475911130 -0.0008025938925279 -0.0000003506819779 0.0000103503077633 -0.0000000287235495 0.0000010784858588
0.0079124907087526 -0.7415099929268485 0.0009186341720630 -0.1043316931820123 -0.0002169303891016 -0.0062225272163996 0.0000007153800908 -0.0007954841241413 -0.0000004593605072 0.0000038014785290 -0.0000000287052974 0.0000012282806516
0.0083056441320473 -0.7572127050516480 0.0010010987795421 -0.0971342433040955 -0.0002452848670302 -0.0075475448878229 0.0000021731032258 -0.0007707566638842 -0.0000005715082367 -0.0000030765573684 -0.0000000268541350 0.0000013194537187
0.0086922880568122 -0.7726544908910843 0.0010964874333201 -0.0892287060484433 -0.0002722489465941 -0.0088228898673345 0.0000039348106619 -0.0007278628751214 -0.0000006812453746 -0.0000100610191520 -0.0000000229557401 0.0000013435906584
0.0090722586257588 -0.7878303151525538 0.0012051075624780 -0.0806038074277538 -0.0002971939743920 -0.0100304949059380 0.0000060009453456 -0.0006665776748321 -0.0000007818604251 -0.0000169038191059 -0.0000000169134362 0.0000012949232258
0.0094453956555804 -0.8027352542834637 0.0013272534293243 -0.0712487399218985 -0.0003194449980701 -0.0111511703613011 0.0000083616297048 -0.0005870470284765 -0.0000008659685650 -0.0000233364210563 -0.0000000087341515 0.0000011711504542
0.0098115427139690 -0.8173644984684566 0.0014632058711317 -0.0611531700774908 -0.0003382802158292 -0.0121645929497575 0.0000109950401733 -0.0004898379594196 -0.0000009257209872 -0.0000290761975195 0.0000000013938937 0.0000009738408442
0.0101705471944929 -0.8317133535740372 0.0016132320519884 -0.0503072458393354 -0.0003529304812465 -0.0130492955992732 0.0000138656866448 -0.0003759910822647 -0.0000009530825835 -0.0000338344413497 0.0000000131072161 0.0000007090478653
0.0105222603892911 -0.8457772430397302 0.0017775852249397 -0.0387016036095499 -0.0003625788642324 -0.0137826584177220 0.0000169225966515 -0.0002470756696177 -0.0000009401834936 -0.0000373261850668 0.0000000258616449 0.0000003876971268
0.0108665375595520 -0.8595517097149135 0.0019565045045879 -0.0263273750302863 -0.0003663602688563 -0.0143409007900740 0.0000200974036575 -0.0001052472545180 -0.0000008797453312 -0.0000392820309135 0.0000000388976992 0.0000000257653248
0.0112032380037348 -0.8730324176405040 0.0021502146503154 -0.0131761934861400 -0.0003633611087569 -0.0146990746172935 0.0000233023397114 0.0000466922296673 -0.0000007655985741 -0.0000394621466083 0.0000000513046363 -0.0000003557482106
0.0115322251234995 -0.8862151537747008 0.0023589258602835 0.0007597996775127 -0.0003526190407762 -0.0148310587088494 0.0000264281320733 0.0002052317754385 -0.0000005932940802 -0.0000376726132618 0.0000000619400785 -0.0000007313901686
0.0118533664873137 -0.8990958296620066 0.0025828335763551 0.0154879492238577 -0.0003331227574291 -0.0147095543400985 0.0000293418043857 0.0003660860985539 -0.0000003608207995 -0.0000337843520211 0.0000000695799928 -0.0000010715720814
0.0121665338916980 -0.9116704830447956 0.0028221183000805 0.0310150803851071 -0.0003038118387670 -0.0143060819847163 0.0000318843826140 0.0005241279173625 -0.0000000694345937 -0.0000277547969658 0.0000000729553792 -0.0000013442612286
0.0124716034200843 -0.9239352794167063 0.0030769454198810 0.0473474935173755 -0.0002635766641392 -0.0135909792316594 0.0000338685058965 0.0006733177279272 0.0000002753878810 -0.0000196525349832 0.0000000707844814 -0.0000015170348749
0.0127684554992518 -0.9358865135171730 0.0033474650495504 0.0644909590530906 -0.0002112583843147 -0.0125333998953522 0.0000350759436417 0.0008066310888584 0.0000006628633126 -0.0000096851401584 0.0000000620026779 -0.0000015591200626
0.0130569749533175 -0.9475206107664405 0.0036338118781959 0.0824507127539012 -0.0001456489543404 -0.0111013143267014 0.0000352550188344 0.0009159834404753 0.0000010756738509 0.0000017695924961 0.0000000458521230 -0.0000014452239493
0.0133370510552476 -0.9588341286404341 0.0039361050317237 0.1012314512668719 -0.0000654912275472 -0.0092615109318685 0.0000341179395105 0.0009921524782671 0.0000014885854859 0.0000141287820265 0.0000000222068986 -0.0000011600693781
0.0136085775758703 -0.9698237579848816 0.0042544479459742 0.1208373279866059 0.0000305208890539 -0.0069795989048869 0.0000313380383856 0.0010246981111155 0.0000018669035509 0.0000265657161495 -0.0000000082309839 -0.0000007033697036
0.0138714528303599 -0.9804863242681214 0.0045889282515942 0.1412719492257387 0.0001437422176790 -0.0042200121789864 0.0000265469230359 0.0010018800332073 0.0000021647529152 0.0000379670002067 -0.0000000435597395 -0.0000000978473398
0.0141255797221751 -0.9908187887720555 0.0049396176707375 0.1625383706961176 0.0002755760308359 -0.0009460146012157 0.0000193315372038 0.0009105729452258 0.0000023231736393 0.0000468853489861 -0.0000000801697114 0.0000006037554759
0.0143708657844245 -1.0008182497207376 0.0053065719256643 0.1846390943027604 0.0004274737103486 0.0028802936667055 0.0000092311353704 0.0007361794639069 0.0000022680187175 0.0000514877630598 -0.0000001123360874 0.0000013071727959
0.0146072232186448 -1.0104819433461179 0.0056898306593154 0.2075760652525679 0.0006009343442758 0.0072979685184757 -0.0000042658279096 0.0004625407592519 0.0000019076438739 0.0000494988277204 -0.0000001315436357 0.0000018655086676
0.0148345689309685 -1.0198072448904922 0.0060894173679144 0.2313506694795410 0.0007975042616852 0.0123472130429567 -0.0000217248918380 0.0000718449683005 0.0000011303742640 0.0000381389046630 -0.0000001257021555 0.0000020646917936
0.0150528245656678 -1.0287916695452446 0.0065053393456537 0.2559637313881279 0.0010187765052594 0.0180693674328719 -0.0000437688646103 -0.0004554665693998 -0.0000001982603122 0.0000140568867867 -0.0000000783502635 0.0000016068198368
0.0152619165360581 -1.0374328733254885 0.0069375876415102 0.2814155119161024 0.0012663902418411 0.0245068976626224 -0.0000710811771360 -0.0011407951996098 -0.0000022385350159 -0.0000267427136595 0.0000000323719076 0.0000000904524559
0.0154617760527477 -1.0457286538802568 0.0073861370282205 0.3077057069182505 0.0015420301109971 0.0317033829364950 -0.0001044093137677 -0.0020074829093289 -0.0000051797998636 -0.0000889786228630 0.0000002348916348 -0.0000030113425735
