0.8419294521954398 -0.0305550668977825 -0.3324221922377421 -0.0004565857193389 -0.0320425679903120 -0.0005182143928553 -0.0035719881367032 0.0000232509680426
0.9792724621670000 0.0111357686022177 0.1042217121386500 -0.0021329069835204 -0.0245182086345807 -0.0001253257898083 0.0032098352955255 0.0000026321051896
1.0120934918743167 -0.0127917380803912 0.1994902857050831 0.0032852917864901 -0.0013932146073068 0.0003471925542046 0.0021378704650742 0.0000056459917833
0.7813509021840622 0.0138018187174875 -0.4986291935939508 0.0012382925745388 0.0082177198640983 0.0001010497603246 -0.0035769848410744 -0.0000378442082660
1.0525763036886935 0.0029326336493152 0.3341709879347763 -0.0008108166627549 0.0396888424137819 -0.0001459064262589 -0.0026144055918469 -0.0000096461119670
0.8785391189473731 -0.0276488657823686 -0.2207590042877752 0.0013599423949730 -0.0454336435924675 -0.0004488096699059 -0.0014584902334616 -0.0000049486738299
0.9531435863875105 0.0121420089914715 0.0226836424994349 -0.0018914865200482 -0.0381720414871180 -0.0000116845546708 0.0029122719166450 0.0000191485288551
1.0288646741712244 -0.0098173680974697 0.2538376058505059 0.0027584514784535 0.0138816530925594 0.0003557084562326 0.0006961389377889 0.0000202252081156
0.7387928900729949 0.0135370364315930 -0.6230477114435822 0.0020650729279320 0.0599442415724354 -0.0001700375560921 0.0017849366478981 -0.0000017358967978
1.0452787971393744 0.0050392222188035 0.3115466720970994 -0.0013891715199317 0.0317339878112477 -0.0002283828133962 -0.0015061201756963 -0.0000218692736986
0.9123069868928719 -0.0246541845088187 -0.1164149935683794 0.0025974868401089 -0.0477467122510829 -0.0002672077619185 0.0008417984707694 -0.0000252399136553
0.9236221918196770 0.0129140689286918 -0.0688227521153677 -0.0014826090189615 -0.0473862146092512 0.0001066307892567 0.0016085309734809 0.0000285935117093
1.0416795856354155 -0.0069341051770082 0.2957525207150848 0.0020831108482272 0.0269918972803482 0.0003024162416513 -0.0008606030117160 0.0000278731382428
0.7231713564033084 -0.0381414443441205 -0.6835478107539580 -0.0095191798951264 0.0951640856587299 0.0009883577470380 0.0066259115554624 -0.0000627055261946
1.0339015325908834 0.0069355787401631 0.2758578592839495 -0.0018265749964063 0.0199293879099070 -0.0002681392415675 -0.0000234549401395 -0.0000273032062600
0.9429849493863484 -0.0216030675289292 -0.0205138581906936 0.0033285598567537 -0.0417861821175807 -0.0000522146400178 0.0025333924308691 -0.0000315679307425
0.8909265837996313 0.0134558474541639 -0.1693153328317662 -0.0009254999871172 -0.0496259831487523 0.0002044828375624 -0.0005085527160962 0.0000245920494084
1.0504420640682177 -0.0041680556879137 0.3247824889926451 0.0013244196090848 0.0367129952483815 0.0002036605864227 -0.0021771548392554 0.0000268327429752
0.7664116658448458 -0.0356651090279672 -0.5577483885693130 -0.0056716166703850 0.0333547494898827 0.0000456479476705 -0.0017909044832456 0.0000296073620991
1.0185298219618781 0.0086108839054541 0.2274862230115637 -0.0021006121876060 0.0053215994115345 -0.0002598641737905 0.0015059721620501 -0.0000238843757238
0.9703464462932780 -0.0185274180691197 0.0659115395890394 0.0036278384991067 -0.0301858904430237 0.0001417078524594 0.0032638977261856 -0.0000247942182331
0.8552973868457826 0.0137740438317956 -0.2777151570514871 -0.0002466719428370 -0.0421630330706760 0.0002530703639886 -0.0028531200479084 0.0000049554542615
1.0550862405346684 -0.0015432201406000 0.3406134577570107 0.0005420744177590 0.0421923662852077 0.0000799238954567 -0.0029752063783873 0.0000178333974186
0.8076237634999072 -0.0330106800498156 -0.4356386907497988 -0.0025854438066072 -0.0088149577464632 -0.0004036496142305 -0.0042184623202339 0.0000418874368027
0.9992787448750152 0.0100573604328768 0.1669498151183790 -0.0021976803889829 -0.0106807665159819 -0.0002051428596978 0.0027076691642896 -0.0000120828857990
0.9941885109429839 -0.0154586245939991 0.1419302330439222 0.0035706651215556 -0.0153628874201920 0.0002814566232068 0.0030120511619526 -0.0000096700707762
0.8169953772056414 0.0138780057409860 -0.3928580105792681 0.0005208934830332 -0.0221236150803520 0.0002211870917464 -0.0043324165927371 -0.0000233452135639
1.0555771428772354 0.0009187558659944 0.3430732442149389 -0.0002106087461202 0.0429638045270568 -0.0000472393133637 -0.0030933370029647 0.0000037096515472
0.8465105312333301 -0.0302085060142454 -0.3185340251683532 -0.0002031746777147 -0.0343529160674911 -0.0005190373303959 -0.0033650175017070 0.0000198417004482
0.9762920985021165 0.0112702974405292 0.0948975162093081 -0.0021130119200446 -0.0263309850173032 -0.0001125248184811 0.0032264177177402 0.0000047675556764
1.0143336102472913 -0.0124271970950867 0.2067231295370292 0.0032316148110178 0.0005245602698577 0.0003519010886152 0.0019818927738490 0.0000076647860616
0.7762991439143758 0.0137795491170182 -0.5135068390290527 0.0013387279544941 0.0134600893786288 0.0000763853781173 -0.0032318987063774 -0.0000375176086972
1.0519110167346408 0.0031987964492964 0.3321333947917112 -0.0008874867982307 0.0389553603410469 -0.0001578475113066 -0.0025087996829766 -0.0000113736781212
0.8827895490043705 -0.0272898751892107 -0.2076955882481741 0.0015394056899442 -0.0462470251205139 -0.0004309585935277 -0.0011689626045420 -0.0000080330720465
0.9497410875226937 0.0122480352430582 0.0121020849811223 -0.0018505249022816 -0.0395740476835635 0.0000028701237746 0.0028070432093421 0.0000208150011120
1.0306312589882585 -0.0094624183243998 0.2595917979169290 0.0026831429961154 0.0156141670095448 0.0003522709763369 0.0005060162729682 0.0000215802703978
0.7335026023274106 0.0134927533158803 -0.6383649418986587 0.0021640164564821 0.0675960832619029 -0.0002141064326295 0.0028972151885874 0.0000095860810098
1.0441153607210945 0.0052805735721422 0.3079095009260796 -0.0014502374088756 0.0304905623351149 -0.0002356465547973 -0.0013405254803444 -0.0000229508903974
0.9161956133257692 -0.0242866441089042 -0.1043170085985164 0.0027116268704607 -0.0474105804894419 -0.0002416202923274 0.0010900139988101 -0.0000267855463415
0.9198227677742594 0.0129919118148814 -0.0805481169039312 -0.0014225002816074 -0.0480819722576010 0.0001201283262255 0.0013876455141406 0.0000289241109558
1.0429593915725084 -0.0065920147788506 0.2999659677480522 0.0019943258892451 0.0283715148931773 0.0002924832280129 -0.0010394651622340 0.0000282179217657
0.7285115134989355 -0.0378516905735180 -0.6681446174411391 -0.0090104275848605 0.0865245266854627 0.0008417646717160 0.0051756339061615 -0.0000452470850603
1.0322486753944646 0.0071506466753842 0.2706599680089752 -0.0018688545371315 0.0182829633123029 -0.0002697287492563 0.0001667275306188 -0.0000273770006843
0.9464831143451915 -0.0212308602015188 -0.0095115939919523 0.0033863453440864 -0.0406298984254666 -0.0000267356496108 0.0026762390375023 -0.0000313753969383
0.8867582597000064 0.0135061727472848 -0.1820586331594447 -0.0008490849728494 -0.0492941061527996 0.0002136014647215 -0.0007972425020372 0.0000230141570226
1.0512254770324847 -0.0038418518593142 0.3274096575295065 0.0012297057893277 0.0376161912834789 0.0001895593554095 -0.0023059570811287 0.0000261264757897
0.7715221832428241 -0.0353521871078500 -0.5427209900928890 -0.0052579719671668 0.0272557955513016 -0.0000316592536139 -0.0023425627114891 0.0000342693149962
1.0163999286195016 0.0087985626204204 0.2207832509989418 -0.0021219847581315 0.0034240849231348 -0.0002555982468650 0.0016766670563213 -0.0000228606386777
0.9734282472210772 -0.0181543840369661 0.0756995781255520 0.0036383974960346 -0.0285149171822479 0.0001619916496843 0.0032833349080161 -0.0000232874541123
0.8507907500449471 0.0137978470740230 -0.2913395496615335 -0.0001576226891975 -0.0404618683339803 0.0002541301913359 -0.0031064251184584 0.0000017102030674
1.0553673656985714 -0.0012356571843787 0.3416258641521469 0.0004482525847880 0.0425418185614997 0.0000642674646034 -0.0030275447090557 0.0000163198412367
0.8124679234243719 -0.0326782071611714 -0.4211489706981433 -0.0022603497920508 -0.0127371756421967 -0.0004325586200620 -0.0042444095641762 0.0000403292396045
0.9966877428805228 0.0102169153849745 0.1588135871921238 -0.0021970986857179 -0.0126350737611088 -0.0001956908343527 0.0028133049756263 -0.0000102129580201
0.9968310350829289 -0.0150885167001764 0.1503985955064247 0.0035431074966088 -0.0134534595232201 0.0002938239346149 0.0029228365808543 -0.0000075631232759
0.8121833023893327 0.0138765918428766 -0.4072171425681601 0.0006181842035961 -0.0186973115991433 0.0002102992078768 -0.0043778685036909 -0.0000264890251550
1.0553538587405564 0.0012052244594195 0.3424597617106928 -0.0002975479592093 0.0427297014608936 -0.0000618969409376 -0.0030588299211267 0.0000018415925287
0.8510532596004952 -0.0298602327101909 -0.3047380435759087 0.0000408277652389 -0.0364628111722380 -0.0005169038529956 -0.0031391081182739 0.0000163630990250
0.9732593129834913 0.0114013655925673 0.0854152732227714 -0.0020904930796429 -0.0281087101973870 -0.0000993820240045 0.0032289795327423 0.0000068929300780
1.0165171427390358 -0.0120636376245435 0.2137805508622931 0.0031748637601205 0.0024302115091360 0.0003555667526860 0.0018193134515439 0.0000096310806428
0.7712164990143511 0.0137545087613408 -0.5284464096442522 0.0014392766097429 0.0189751672120854 0.0000495792570497 -0.0028139161614246 -0.0000363321532271
1.0511849946512819 0.0034620415934863 0.3299003742455820 -0.0009624693755528 0.0381559050279479 -0.0001692998109024 -0.0023944589239812 -0.0000130487053504
0.8869977274389879 -0.0269296408733936 -0.1947419175839420 0.0017104813416835 -0.0469028379186522 -0.0004116512522212 -0.0008791666795078 -0.0000109714666948
0.9462890653776599 0.0123506205835677 0.0013755494329603 -0.0018071206182804 -0.0409067362274738 0.0000174579301402 0.0026867591015876 0.0000223637301907
1.0323394624021081 -0.0091088579710277 0.2651621779810940 0.0026057771466708 0.0173119721289413 0.0003479407350086 0.0003149062920364 0.0000228253611026
0.7281859382488003 0.0134459366365190 -0.6537243471041169 0.0022623972759406 0.0755646873619795 -0.0002607958942029 0.0041306227238682 0.0000229579848795
1.0428920496868812 0.0055188095936607 0.3040807038506175 -0.0015091742907001 0.0291916663111379 -0.0002422599000977 -0.0011698350289472 -0.0000239251147250
0.9200383753808441 -0.0239183314904797 -0.0923451472915475 0.0028184520038635 -0.0469578942422334 -0.0002156863971841 0.0013278235622126 -0.0000281152036154
0.9159770729903370 0.0130663763439093 -0.0924038299051121 -0.0013602458144749 -0.0486707205449066 0.0001332805024067 0.0011550183873357 0.0000290432157788
1.0441794550218249 -0.0062516943160511 0.3039891888606724 0.0019044334896272 0.0296990492605838 0.0002819117136843 -0.0012141240279046 0.0000284313460050
0.7338258327615923 -0.0375589407666467 -0.6527782078336167 -0.0085135202997776 0.0782121841348625 0.0007048006330895 0.0038577694875554 -0.0000297761263224
1.0305372522535585 0.0073624455618687 0.2652763126554741 -0.0019086910009979 0.0165971341954563 -0.0002706011570151 0.0003570000025686 -0.0000273161355683
0.9499321228982178 -0.0208583494070075 0.0013495250767065 0.0034379177159643 -0.0393954775828137 -0.0000016664953096 0.0028043113391903 -0.0000309923143233
0.8825472419749281 0.0135532231872282 -0.1949162475784111 -0.0007709271512356 -0.0488147612118123 0.0002219445960371 -0.0010883877060711 0.0000211983551798
1.0519482333171508 -0.0035177670213887 0.3298422307958654 0.0011347523964906 0.0384554350753554 0.0001751285410652 -0.0024266016817805 0.0000253042964350
0.7766023344206098 -0.0350366991354724 -0.5277502548070078 -0.0048554319855970 0.0214402005155608 -0.0001020561380404 -0.0028127110579518 0.0000378760858215
1.0142132142067160 0.0089828634061816 0.2139023742824532 -0.0021407300862718 0.0015085231784079 -0.0002506510219749 0.0018418431274847 -0.0000217138177069
0.9764579502020745 -0.0177815070528977 0.0853329677563932 0.0036438522458352 -0.0268009541624648 0.0001814179736796 0.0032882943729215 -0.0000216671880476
0.8462452890941087 0.0138185176285428 -0.3050609893015369 -0.0000673272109173 -0.0385707247958057 0.0002539513641058 -0.0033452446062092 -0.0000016563121183
1.0555873752623497 -0.0009305272084018 0.3424413975549389 0.0003549635748331 0.0428211558674190 0.0000486005360963 -0.0030695646234777 0.0000147361135439
0.8172773709456049 -0.0323436166951290 -0.4067351780841746 -0.0019455003115087 -0.0164203214701608 -0.0004568499605971 -0.0042270706994808 0.0000383499797788
0.9940420849706625 0.0103730286500434 0.1505092272899054 -0.0021938355133895 -0.0145811428433832 -0.0001856958666791 0.0029082120709555 -0.0000082744339010
0.9994188969034153 -0.0147190128039661 0.1587004677396311 0.0035115406399564 -0.0115323094586745 0.0003051442398547 0.0028225607325547 -0.0000054355148948
0.8073365305707811 0.0138722233844926 -0.4216550059430808 0.0007161456411199 -0.0150372271155898 0.0001976934565164 -0.0043825477114882 -0.0000293935054381
1.0550694595690040 0.0014889842452920 0.3416492447297139 -0.0003832888291955 0.0424251311200002 -0.0000762739454966 -0.0030139248677633 -0.0000000327357880
0.8555571501503209 -0.0295103034739582 -0.2910364331621805 0.0002755418537342 -0.0383775267231128 -0.0005120176041416 -0.0028970061464709 0.0000128507840895
0.9701744372628219 0.0115289731278787 0.0757764796578475 -0.0020653659821224 -0.0298474327111208 -0.0000859305570954 0.0032172155502910 0.0000089957351250
1.0186438490345275 -0.0117011104349350 0.2206614301393197 0.0031151649024947 0.0043207353955088 0.0003582004558479 0.0016508028732791 0.0000115362111751
0.7661035051161708 0.0137267248790771 -0.5434455427440184 0.0015398585894957 0.0247683229089855 0.0000205730796834 -0.0023178784375344 -0.0000341740749650
1.0503983175905611 0.0037223428180497 0.3274722758605730 -0.0010357042321854 0.0372914466165036 -0.0001802391216080 -0.0022717323544550 -0.0000146635653753
0.8911632002272031 -0.0265682199601947 -0.1819000445078000 0.0018732971075073 -0.0474061689734685 -0.0003910423513513 -0.0005907886767280 -0.0000137486713546
0.9427878959829019 0.0124497703499279 -0.0094942706432918 -0.0017613036701511 -0.0421657074134960 0.0000320363494823 0.0025515581646451 0.0000237817376607
1.0339890959710869 -0.0087567347141387 0.2705478616252028 0.0025264729746931 0.0189726777241805 0.0003427440337514 0.0001234793206108 0.0000239558743269
0.7228434554662272 0.0133966170181994 -0.6691234967843697 0.0023601313539345 0.0838553395123020 -0.0003101636755654 0.0054919179510736 0.0000385675980639
1.0416089990234201 0.0057539092824666 0.3000608828348606 -0.0015659372298324 0.0278389557275201 -0.0002482094813944 -0.0009945957561515 -0.0000247868964759
0.9238348562374001 -0.0235493037404595 -0.0805013064284441 0.0029180947158096 -0.0463934633949792 -0.0001895157696018 0.0015543949665805 -0.0000292278242467
0.9120855244733928 0.0131374729243651 -0.1043880187144265 -0.0012958890433235 -0.0491476880383499 0.0001460375461251 0.0009114241423768 0.0000289427494543
1.0453396411383138 -0.0059131878592735 0.3078215442680710 0.0018135435234461 0.0309727632576062 0.0002707371779321 -0.0013840207866970 0.0000285133896485
0.7391137567979028 -0.0372632458964236 -0.6374510178279477 -0.0080283754711325 0.0702217915367868 0.0005771138047437 0.0026654231353327 -0.0000161621739186
1.0287674517559628 0.0075709597996489 0.2597077411426984 -0.0019460551161962 0.0148742143876131 -0.0002707552761602 0.0005466967901133 -0.0000271197845093
0.9533315991900424 -0.0204855915235298 0.0120677779702516 0.0034834114580164 -0.0380873677144631 0.0000229230765519 0.0029174286316343 -0.0000304260671188
0.8782939848434169 0.0135970140003669 -0.2078861448006589 -0.0006910820085192 -0.0481828889971360 0.0002294574765870 -0.0013803760017516 0.0000191494026706
1.0526102529088928 -0.0031958411758273 0.3320798205261010 0.0010396584057490 0.0392296725174934 0.0001604071100133 -0.0025387228403492 0.0000243703336351
0.7816515819714157 -0.0347186986016368 -0.5128385551810262 -0.0044638983488957 0.0159026014887640 -0.0001658435507572 -0.0032066294500011 0.0000405194642284
1.0119699191905036 0.0091637761297608 0.2068446776533937 -0.0021568347019227 -0.0004221534143663 -0.0002450338838062 0.0020008251879932 -0.0000204482477854
0.9794352237507221 -0.0174088421304085 0.0948101816145191 0.0036443366479376 -0.0250480102689224 0.0001999511444127 0.0032790535855311 -0.0000199444552492
0.8416614913453999 0.0138360752330797 -0.3188773074979150 0.0000241486052000 -0.0364843452213435 0.0002524763332979 -0.0035669228329910 -0.0000051156613213
1.0557462447784614 -0.0006278657420921 0.3430599254062972 0.0002622939718337 0.0430300249323504 0.0000329605790648 -0.0031011427961571 0.0000130892819432
0.8220515933991045 -0.0320069640266061 -0.3923995966885741 -0.0016407840793671 -0.0198697538361787 -0.0004767723739727 -0.0041702912798609 0.0000360086924250
0.9913420612992392 0.0105256955570203 0.1420380454539615 -0.0021878930361682 -0.0165154727498724 -0.0001751814451151 0.0029918422352432 -0.0000062766659906
1.0019518123006834 -0.0143501659222112 0.1668345334310578 0.0034760954041016 -0.0096029376432435 0.0003154095463473 0.0027117805554908 -0.0000032981874131
0.8024555778776926 0.0138649242622737 -0.4361693181829918 0.0008147034537526 -0.0111380013883740 0.0001833113327711 -0.0043425519563889 -0.0000319924799728
1.0547239767061747 0.0017700045055210 0.3406418178612577 -0.0004677584031502 0.0420504470437645 -0.0000903384952041 -0.0029587571008010 -0.0000019050808395
0.8600217195248745 -0.0291587749070060 -0.2774313646628965 0.0005010888940161 -0.0401023185367252 -0.0005045761309921 -0.0026413183058567 0.0000093375512301
0.9670378085406944 0.0116531207629784 0.0659826567768549 -0.0020376479491965 -0.0315431429454755 -0.0000722048049204 0.0031908645926876 0.0000110632088554
1.0207134950000336 -0.0113396659470579 0.2273646757405991 0.0030526437414886 0.0061932000065505 0.0003598153171275 0.0014770382779294 0.0000133719413836
0.7609607025330476 0.0136962251335275 -0.5585018660839579 0.0016403933133009 0.0308449212281455 -0.0000106914034907 -0.0017384421222282 -0.0000309218303739
1.0495510724015182 0.0039796744874691 0.3248494800545509 -0.0011071330186251 0.0363630395051336 -0.0001906424492187 -0.0021409961636668 -0.0000162108395165
0.8952855176440183 -0.0262056696062072 -0.1691720035267735 0.0020279814641419 -0.0477620763982932 -0.0003692809042251 -0.0003054003169954 -0.0000163515393077
0.9392379605253933 0.0125454905055728 -0.0205056590511834 -0.0017131057499560 -0.0433465122372415 0.0000465618692629 0.0024016455917392 0.0000250563053316
1.0355799776691827 -0.0084060958198347 0.2757479936348502 0.0024453485124663 0.0205939703643560 0.0003367086093056 -0.0000676024685598 0.0000249677526956
0.7174757137024649 0.0133448254675094 -0.6845599542152563 0.0024571343405464 0.0924733082869637 -0.0003622674636359 0.0069880649629026 0.0000566132968404
1.0402663502914185 0.0059858522865432 0.2958506700584686 -0.0016204831723374 0.0264341680472480 -0.0002534833552299 -0.0008153738316428 -0.0000255316208190
0.9275846438476332 -0.0231796178953392 -0.0687873625309694 0.0030106878677542 -0.0457220583517456 -0.0001632129705892 0.0017689856608675 -0.0000301236575825
0.9081485439476764 0.0132052125635578 -0.1164987905628159 -0.0012294749347014 -0.0495080638019651 0.0001583489597204 0.0006577280176153 0.0000286157141476
1.0464398216686444 -0.0055765390093907 0.3114624243651501 0.0017217646309541 0.0321910012272571 0.0002589958134794 -0.0015486162972220 0.0000284645748506
0.7443747303790332 -0.0369646572737576 -0.6221654770002288 -0.0075549084595180 0.0625480653261662 0.0004583584062317 0.0015919045041413 -0.0000042797249540
1.0269394688804356 0.0077761744494691 0.2539551306430136 -0.0019809195253499 0.0131165950222202 -0.0002701914395177 0.0007351446638659 -0.0000267877152700
0.9566811725706970 -0.0201126427983224 0.0226414662421459 0.0035229611206243 -0.0367099676656596 0.0000469677758453 0.0030154758133890 -0.0000296847181441
