0.8419294276741172 -0.0305550390508853 -0.3324221950593658 -0.0004568259037345 -0.0320420625405536 -0.0005156566868774 -0.0035633013444361 0.9792725042918329
0.0111358065828200 0.1042217549292357 -0.0021326765069146 -0.0245184983173686 -0.0001283743982288 0.0031995899182256 1.0120934938805448 -0.0127917197686352
0.1994902743676960 0.0032856407189840 -0.0013941066407526 0.0003438231930586 0.0021235994994696 0.7813509271922702 0.0138018227815308 -0.4986292313453781
0.0012387209867457 0.0082170552013323 0.0000964228638326 -0.0035784048665740 1.0525762868480997 0.0029326157877695 0.3341709739273199 -0.0008109452677916
0.0396893448011219 -0.0001425292000292 -0.0026019083413974 0.8785390917446484 -0.0276488508103967 -0.2207589847344627 0.0013594230367143 -0.0454322874673705
-0.0004466773214689 -0.0014451579613417 0.9531436240485263 0.0121420226943336 0.0226836841967513 -0.0018915571670486 -0.0381721615094354 -0.0000125030916528
0.0029049415704508 1.0288646694248362 -0.0098173678086983 0.2538375805787291 0.0027587210972039 0.0138807062071967 0.0003547148275157 0.0006852687444454
0.7387929189255338 0.0135370358959175 -0.6230477273604469 0.0020654331760385 0.0599443528785913 -0.0001698530880637 0.0017811865715880 1.0452787943580764
0.0050392276486445 0.3115466723936488 -0.0013891117804677 0.0317343829569057 -0.0002274934927823 -0.0014978270921441 0.9123069658391952 -0.0246541677401556
-0.1164149627723116 0.0025970164135774 -0.0477452963766581 -0.0002672111479320 0.0008515367310383 0.9236222193020354 0.0129140527458601 -0.0688227193487898
-0.0014830097879761 -0.0473860834145766 0.0001082635973832 0.0016071452072186 1.0416795714125728 -0.0069341244962510 0.2957524865675033 0.0020832052998318
0.0269911995500703 0.0003041904008151 -0.0008647093964945 0.7231713164936143 -0.0381414109693175 -0.6835478055142616 -0.0095194025043798 0.0951644203640158
0.0009899484215439 0.0066306997899082 1.0339015464807986 0.0069356076920852 0.2758578743006696 -0.0018263115841041 0.0199295356236386 -0.0002698507926987
-0.0000216665247870 0.9429849388943847 -0.0216030423909199 -0.0205138285336997 0.0033283471642109 -0.0417852967058473 -0.0000547698996835 0.0025346798700755
0.8909266003198575 0.0134558080844565 -0.1693153169270272 -0.0009260945819185 -0.0496257040310627 0.0002073495230679 -0.0005037184548340 1.0504420413099320
-0.0041680899562901 0.3247824521423274 0.0013243256969948 0.0367127139179553 0.0002077281690281 -0.0021734783319138 0.7664116564091837 -0.0356650365523144
-0.5577484238802821 -0.0056710031020121 0.0333531138523752 0.0000445389479452 -0.0018023295738684 1.0185298511997360 0.0086109291605161 0.2274862512964571
-0.0021002168688747 0.0053214774470392 -0.0002634252905857 0.0015011179176714 0.9703464452856599 -0.0185273870809916 0.0659115585516882 0.0036279250714370
-0.0301857686301981 0.0001374159854459 0.0032563318481009 0.8552973977922536 0.0137740005743241 -0.2777151637539519 -0.0002471627166823 -0.0421628976503678
0.0002547219090443 -0.0028453646365512 1.0550862135820762 -0.0015432596650152 0.3406134243325344 0.0005418579311555 0.0421925049493933 0.0000851204346163
-0.0029651666137230 0.8076237479084215 -0.0330106290178708 -0.4356387157608061 -0.0025852160594601 -0.0088156656622354 -0.0004025330632484 -0.0042200127212073
0.9992787843223695 0.0100574087305573 0.1669498533537107 -0.0021972973178249 -0.0106810568712564 -0.0002091412981723 0.0026983022819379 0.9941885143742005
-0.0154585961263791 0.1419302362168032 0.0035709593539997 -0.0153634349287357 0.0002769527503851 0.0029987748463735 0.8169953923156557 0.0138779829264072
-0.3928580393709320 0.0005208463941568 -0.0221239372989688 0.0002192669554949 -0.0043275855607788 1.0555771182561668 0.0009187230715054 0.3430732194388594
-0.0002108321960513 0.0429642285804552 -0.0000424035898135 -0.0030802034558006 0.8465105058720899 -0.0302084806233089 -0.3185340248837570 -0.0002034666011799
-0.0343522676047995 -0.0005164104268717 -0.0033552987079664 0.9762921404941013 0.0112703330925003 0.0948975592503258 -0.0021128120779462 -0.0263312627818963
-0.0001153548086853 0.0032163100264177 1.0143336116876085 -0.0124271806832949 0.2067231163098514 0.0032319615091450 0.0005236425427036 0.0003487703979890
0.0019677934574721 0.7762991702729098 0.0137795559616287 -0.5135068764571371 0.0013392032314301 0.0134594208592712 0.0000716850130102 -0.0032341591603181
1.0519110013457527 0.0031987811587307 0.3321333824343337 -0.0008875960716362 0.0389558601489787 -0.0001547374115488 -0.0024966323411517 0.8827895221342945
-0.0272898606637282 -0.2076955666594210 0.0015388760745154 -0.0462456207669359 -0.0004290165167434 -0.0011556692865243 0.9497411241777640 0.0122480454074315
0.0121021260291078 -0.0018506369409353 -0.0395741385289256 0.0000023634123340 0.0028003133558104 1.0306312531686002 -0.0094624204537365 0.2595917712652681
0.0026833949664670 0.0156132362988638 0.0003516096184769 0.0004958285953614 0.7335026296207012 0.0134927454922181 -0.6383649513813627 0.0021642606712698
0.0675964715204038 -0.0002121283668724 0.0028944508138405 1.0441153598951833 0.0052805819906280 0.3079095030222047 -0.0014501520910916 0.0304909329096601
-0.0002350841188957 -0.0013329368033745 0.9161955934304559 -0.0242866264808963 -0.1043169773105638 0.0027111798789485 -0.0474092040750770 -0.0002419385693138
0.0010988975161675 0.9198227938494498 0.0129918921927223 -0.0805480857755786 -0.0014229353997460 -0.0480818134243395 0.0001220054230423 0.0013870677494492
1.0429593761902654 -0.0065920362774877 0.2999659329350629 0.0019943964839095 0.0283708619695466 0.0002945770078141 -0.0010426315880680 0.7285114810685354
-0.0378516460314747 -0.6681446215476261 -0.0090104243005181 0.0865243372998663 0.0008424276968868 0.0051757084189187 1.0322486912972988 0.0071506781309817
0.2706599847488752 -0.0018685696048176 0.0182830769154394 -0.0002717207440907 0.0001676709648340 0.9464831051604616 -0.0212308340629870 -0.0095115652038708
0.0033861699087718 -0.0406291004919252 -0.0000295649250122 0.0026763901258857 0.8867582751376912 0.0135061316671527 -0.1820586197674009 -0.0008496853780830
-0.0492938260430454 0.0002164674258154 -0.0007918081914343 1.0512254534764267 -0.0038418873572222 0.3274096207793340 0.0012295921643596 0.0376159638547324
0.0001938362837460 -0.0023013887923062 0.7715221740952158 -0.0353521155946201 -0.5427210259586710 -0.0052573699538977 0.0272541844757931 -0.0000325959019628
-0.0023534986314904 1.0163999594357882 0.0087986090410356 0.2207832807039214 -0.0021215821695940 0.0034239349563867 -0.0002592967763298 0.0016711107700808
0.9734282470736889 -0.0181543528404298 0.0756995953514299 0.0036385161012610 -0.0285148869690013 0.0001575856425568 0.0032748560663118 0.8507907609393683
0.0137978050506072 -0.2913395592526559 -0.0001580763044382 -0.0404617745752635 0.0002554484281015 -0.0030986909284088 1.0553673386551694 -0.0012356965412090
0.3416258315229691 0.0004480285369986 0.0425420011899282 0.0000695014409467 -0.0030169287472477 0.8124679064502591 -0.0326781596600718 -0.4211489929294575
-0.0022601911342642 -0.0127377106895372 -0.0004311620561973 -0.0042443721509935 0.9966877830739671 0.0102169629825510 0.1588136263195601 -0.0021967288499356
-0.0126353730407406 -0.0001996306182393 0.0028036260569292 0.9968310386140488 -0.0150884892123787 0.1503985966412695 0.0035434168218368 -0.0134540703601142
0.0002894074339491 0.0029091863511788 0.8121833186576087 0.0138765727542871 -0.4072171734726141 0.0006182062312893 -0.0186976973729603 0.0002078903231588
-0.0043737814631817 1.0553538348847253 0.0012051932752263 0.3424597382721590 -0.0002977636205362 0.0427301465351547 -0.0000572049985290 -0.0030455945223126
0.8510532335343706 -0.0298602095350569 -0.3047380402572990 0.0000404886889582 -0.0364620295171523 -0.0005142424445211 -0.0031284807290825 0.9732593547231989
0.0114013987199525 0.0854153164137130 -0.0020903258583990 -0.0281089733478002 -0.0001019756004613 0.0032190721887691 1.0165171435337612 -0.0120636232112549
0.2137805357906875 0.0031752059953684 0.0024292734935173 0.0003526912388516 0.0018054571962512 0.7712165266018336 0.0137545178102639 -0.5284464462289249
0.0014397887884393 0.0189745137423859 0.0000449339497492 -0.0028169390205850 1.0511849807944504 0.0034620289680139 0.3299003635683084 -0.0009625580916168
0.0381563991522652 -0.0001664692637673 -0.0023826759621138 0.8869977010318751 -0.0269296265804699 -0.1947418941386227 0.0017099463703329 -0.0469013973379495
-0.0004099233679704 -0.0008660341751506 0.9462891009464443 0.0123506271408695 0.0013755897136944 -0.0018072742822099 -0.0409067968667862 0.0000172644326614
0.0026806725387844 1.0323394554744563 -0.0091088625312791 0.2651621500285468 0.0026060101668347 0.0173110619605332 0.0003476159020593 0.0003054477766875
0.7281859632480531 0.0134459192689343 -0.6537243490826098 0.0022624900856755 0.0755654108161145 -0.0002566436835622 0.0041293026638246 1.0428920508492248
0.0055188209916174 0.3040807077491349 -0.0015090633055851 0.0291920103814667 -0.0002420245033616 -0.0011629819737952 0.9200383566992947 -0.0239183129238518
-0.0923451156953667 0.0028180312572557 -0.0469565655160667 -0.0002163230111128 0.0013357880965972 0.9159770976560706 0.0130663534047549 -0.0924038005327393
-0.0013607129537447 -0.0486705359603377 0.0001353810873636 0.0011552475336799 1.0441794385011043 -0.0062517179133414 0.3039891534751366 0.0019044801952073
0.0296984433379406 0.0002843164486471 -0.0012163400204495 0.7338258064997185 -0.0375588873011278 -0.6527782198303456 -0.0085133340585053 0.0782115679859086
0.0007047523226781 0.0038540850395842 1.0305372701423328 0.0073624794004599 0.2652763310938749 -0.0019083857755867 0.0165972135904224 -0.0002728608438635
0.0003571005559830 0.9499321149938116 -0.0208583223234074 0.0013495528611189 0.0034377798121107 -0.0393947698397934 -0.0000047553358853 0.0028033290419435
0.8825472564221091 0.0135531807080784 -0.1949162367812979 -0.0007715286252542 -0.0488144848469184 0.0002247708408216 -0.0010824093013620 1.0519482090338459
-0.0035178035961749 0.3298421942358775 0.0011346201833122 0.0384552612813858 0.0001795963158983 -0.0024211672414890 0.7766023251419922 -0.0350366292649763
-0.5277502905875472 -0.0048548556387712 0.0214386481922583 -0.0001027704667449 -0.0028228625502786 1.0142132465183071 0.0089829107849357 0.2139024053554076
-0.0021403224991435 0.0015083469500762 -0.0002544648138871 0.0018356206138600 0.9764579508328083 -0.0177814757827907 0.0853329831791847 0.0036440012741655
-0.0268010135210746 0.0001769216621760 0.0032789557560123 0.8462453000912326 0.0138184772158171 -0.3050610017651246 -0.0000677384479421 -0.0385706775775394
0.0002549003803742 -0.0033376244736296 1.0555873482285607 -0.0009305662163824 0.3424413657961806 0.0003547337689983 0.0428213802067163 0.0000538493495937
-0.0030584242280135 0.8172773525936844 -0.0323435726883854 -0.4067351973799475 -0.0019454107961032 -0.0164206817213138 -0.0004551936361938 -0.0042254684525710
0.9940421257921073 0.0103730753107917 0.1505092672304720 -0.0021934814984337 -0.0145814482086176 -0.0001895528411597 0.0028982800459221 0.9994189004370464
-0.0147189864387253 0.1587004668359978 0.0035118626505962 -0.0115329788273107 0.0003008385703747 0.0028086119046476 0.8073365481033833 0.0138722081468514
-0.4216550387432744 0.0007162377186138 -0.0150376744241711 0.0001948107839190 -0.0043792670574010 1.0550694365809343 0.0014889548281541 0.3416492226815029
-0.0003834949020961 0.0424255939780047 -0.0000717456849391 -0.0030006490140243 0.8555571235204117 -0.0295102822667222 -0.2910364269021045 0.0002751604674082
-0.0383766224657944 -0.0005093561885703 -0.0028855984798283 0.9701744786332130 0.0115290035456980 0.0757765228955576 -0.0020652332144978 -0.0298476786681562
-0.0000882714267352 0.0032075702209363 1.0186438491082928 -0.0117010981097735 0.2206614132738141 0.0031155005248941 0.0043197824580264 0.0003555953139875
0.0016372590726496 0.7661035337602380 0.0137267354099830 -0.5434455779115147 0.0015403954744626 0.0247677068462870 0.0000161339532855 -0.0023215541389469
1.0503983053414800 0.0037223329406766 0.3274722668901728 -0.0010357712805513 0.0372919320424799 -0.0001776992256145 -0.0022603862129436 0.8911631744064733
-0.0265682056991771 -0.1819000193896949 0.0018727615078312 -0.0474047039250109 -0.0003895503019523 -0.0005779337108039 0.9427879303926990 0.0124497732521852
-0.0094942312489209 -0.0017614989131043 -0.0421657371204383 0.0000321549382083 0.0025461535148160 1.0339890879072395 -0.0087567417065567 0.2705478324534622
0.0025266858879553 0.0189717922459995 0.0003427583674656 0.0001147926053683 0.7228434773276897 0.0133965875627036 -0.6691234901034491 0.0023600330649617
0.0838564631138674 -0.0003034146335268 0.0054925686303782 1.0416090022000009 0.0057539236370194 0.3000608885352564 -0.0015658006466789 0.0278392715591615
-0.0002482996679319 -0.0009885058664245 0.9238348388145040 -0.0235492841738095 -0.0805012747038186 0.0029177027111498 -0.0463921899447665 -0.0001904716886406
0.0015613846124472 0.9120855477386419 0.0131374468154119 -0.1043879912138139 -0.0012963855482324 -0.0491474799775400 0.0001483381334068 0.0009124526320183
1.0453396235066856 -0.0059132134640806 0.3078215084033132 0.0018135664625253 0.0309722062305511 0.0002734427805481 -0.0013852804728159 0.7391137355340491
-0.0372631855026259 -0.6374510363791700 -0.0080280447029869 0.0702208362097690 0.0005765435447034 0.0026588312209767 1.0287674715963437 0.0075709958880327
0.2597077612515876 -0.0019457309751940 0.0148742597142958 -0.0002732684930845 0.0005459608444643 0.9533315925304798 -0.0204855635635243 0.0120678046240391
0.0034833110826887 -0.0380867522235683 0.0000195907748670 0.0029153232558760 0.8782939984026845 0.0135969704512331 -0.2078861366727973 -0.0006916796028683
-0.0481826213444449 0.0002322038188369 -0.0013739156613562 1.0526102279737626 -0.0031958786687455 0.3320797842450750 0.0010395088425438 0.0392295518120960
0.0001650463922493 -0.0025324517452940 0.7816515722149833 -0.0347186309299369 -0.5128385903105717 -0.0044633594150102 0.0159011368007184 -0.0001662983118401
-0.0032157551392429 1.0119699529085691 0.0091638242520339 0.2068447100389041 -0.0021564244728198 -0.0004223539766580 -0.0002489400835290 0.0019939758461075
0.9794352250734233 -0.0174088109263260 0.0948101951763603 0.0036445143320205 -0.0250481567187554 0.0001953888246181 0.0032689126481030 0.8416615026019803
0.0138360367987378 -0.3188773227998085 0.0000237847688190 -0.0364843490676155 0.0002530232014443 -0.0035595107168210 1.0557462178565342 -0.0006279042200463
0.3430598945906816 0.0002620602490333 0.0430302885491455 0.0000382015919699 -0.0030895318630803 0.8220515737029648 -0.0320069234309150 -0.3923996129339066
-0.0016407627732138 -0.0198699397414082 -0.0004748805764609 -0.0041671690937074 0.9913421026285655 0.0105257410458621 0.1420380861255392 -0.0021875573975177
-0.0165157813117353 -0.0001789318572480 0.0029817176133719 1.0019518157402918 -0.0143501408186603 0.1668345304956362 0.0034764276721216 -0.0096036605642209
0.0003112375246395 0.0026976091297550 0.8024555967619720 0.0138649129360942 -0.4361693526281525 0.0008148654893415 -0.0111385066130470 0.0001799809240251
-0.0043401285431878 1.0547239546866227 0.0017699770056561 0.3406417972531275 -0.0004679531369381 0.0420509244107948 -0.0000859930427467 -0.0029455020844343
0.8600216924761281 -0.0291587554157220 -0.2774313555719483 0.0005006702247947 -0.0401013028731154 -0.0005019486244928 -0.0026292619079258 0.9670378494277695
0.0116531482985168 0.0659826999556463 -0.0020375512972671 -0.0315433692709277 -0.0000742783228085 0.0031815415628893 1.0207134942821565 -0.0113396557902059
0.2273646571365878 0.0030529706905978 0.0061922374484613 0.0003574943675640 0.0014638739966077 0.7609607320046349 0.0136962362638268 -0.5585018992035343
0.0016409402672902 0.0308443687047001 -0.0000147486561131 -0.0017426260036478 1.0495510618308819 0.0039796674296079 0.3248494728145219 -0.0011071774117061
0.0363635133234620 -0.0001884029184785 -0.0021301370124173 0.8952854925253450 -0.0262056551909939 -0.1691719769231889 0.0020274497602577 -0.0477605983234104
-0.0003680439480214 -0.0002929337848859 0.9392379937117132 0.0125454897263298 -0.0205056206632046 -0.0017133422342922 -0.0433465106063650 0.0000469888205285
0.0023969569465747 1.0355799684475846 -0.0084061052340607 0.2757479633280141 0.0024455403113883 0.0205931134893893 0.0003370631371426 -0.0000754789024219
0.7174757314645680 0.0133447810706510 -0.6845599376300317 0.0024568006230078 0.0924749041899430 -0.0003524538488126 0.0069912861809336 1.0402663555011726
0.0059858695610436 0.2958506775568977 -0.0016203212207541 0.0264344541133629 -0.0002538960558678 -0.0008100708429052 0.9275846277177774 -0.0231795972849412
-0.0687873308531092 0.0030103267863008 -0.0457208471069378 -0.0001644867454603 0.0017749529030693 0.9081485658328803 0.0132051834567406 -0.1164987650472206
-0.0012299978258718 -0.0495078349248744 0.0001608234520739 0.0006595416623351 1.0464398029602069 -0.0055765665205574 0.3114623881147182 0.0017217640783148
0.0321904946880331 0.0002619908267285 -0.0015489183821355 0.7443747130731914 -0.0369645917163276 -0.6221655008840901 -0.0075544673949754 0.0625468492946064
0.0004574307243706 0.0015831604147411 1.0269394906308220 0.0077762126423512 0.2539551523910487 -0.0019805779920136 0.0131166066567843 -0.0002729426737870
0.0007335828706018 0.9566811671123933 -0.0201126140428684 0.0226414916463786 0.0035228980052996 -0.0367094458537894 0.0000434096346671 0.0030122647097662
