0.7122825854376395 0.0358644556621979 0.7043867391915661 -0.0092973056781514 0.1066941533805300 0.0011066305422837 -0.0083134177035857 0.0000608799135859 -0.0004357428714339 0.0000028465126717 0.0000168753810506 0.0000000995411707
0.7218164221408414 0.0352391042188637 0.6771492388900199 -0.0083833187113017 0.0908752598361727 0.0008467740456157 -0.0056410258679153 0.0000339755474203 -0.0001927365575085 0.0000008313369970 0.0000024206348945 0.0000000007776523
0.7312713432014473 0.0346097820746450 0.6500207992061523 -0.0075135343227536 0.0760856276752736 0.0006183077334375 -0.0033786706882568 0.0000131258226547 -0.0000160425389296 -0.0000004587036266 -0.0000059113383719 -0.0000000494014322
0.7406442575525456 0.0339768816347106 0.6230149009472672 -0.0066870864888629 0.0622962534629118 0.0004188760975510 -0.0014891931187650 -0.0000025543544328 0.0001057320775076 -0.0000011960257205 -0.0000097939807710 -0.0000000653288868
0.7499320948073935 0.0333407963341052 0.5961449626288556 -0.0059030910457728 0.0494779749516641 0.0002462295174127 0.0000625897948709 -0.0000138603753260 0.0001826546880037 -0.0000015234174634 -0.0000105773407180 -0.0000000605697111
0.7591318065131560 0.0327019203990768 0.5694243338967575 -0.0051606467400922 0.0376014965291086 0.0000982224137105 0.0013099306789781 -0.0000215041583705 0.0002235712857498 -0.0000015577982384 -0.0000093330338223 -0.0000000443764963
0.7682403673971233 0.0320606486081389 0.5428662889807990 -0.0044588362860648 0.0266374146412191 -0.0000271886630040 0.0022841984515894 -0.0000261201054367 0.0002362055663987 -0.0000013936861765 -0.0000068956604017 -0.0000000232545628
0.7772547766048270 0.0314173760530090 0.5164840201832048 -0.0037967274283707 0.0165562431749206 -0.0001319470057127 0.0030149257365199 -0.0000282708000891 0.0002272530791505 -0.0000011063134084 -0.0000038996028581 -0.0000000018564864
0.7861720589295060 0.0307724978995686 0.4902906314050631 -0.0031733740097173 0.0073284387833637 -0.0002178977829101 0.0035298570078229 -0.0000284524486627 0.0002024705340814 -0.0000007543889773 -0.0000008118164113 0.0000000169099255
0.7949892660323418 0.0301264091489938 0.4642991317140957 -0.0025878170423599 -0.0010755738625764 -0.0002867901260908 0.0038549974007545 -0.0000271000714139 0.0001667603609727 -0.0000003826218000 0.0000020392626062 0.0000000314913720
0.8037034776529278 0.0294795043992004 0.4385224289569835 -0.0020390857827224 -0.0086853769129188 -0.0003402792691572 0.0040146621251210 -0.0000245924439121 0.0001242506306258 -0.0000000239228299 0.0000044382264645 0.0000000411398017
0.8123118028094059 0.0288321776067543 0.4129733234194581 -0.0015261988082609 -0.0155305342836598 -0.0003799287366311 0.0040315264174429 -0.0000212567969072 0.0000783704477667 0.0000002985996469 0.0000062604411398 0.0000000457315795
0.8208113809877302 0.0281848218493882 0.3876645015373582 -0.0010481650957313 -0.0216405667245029 -0.0004072125770238 0.0039266759675166 -0.0000173732760498 0.0000319209254710 0.0000005699102884 0.0000074526488326 0.0000000457566542
0.8291993833195123 0.0275378290892735 0.3626085296618200 -0.0006039851000084 -0.0270449270253924 -0.0004235176382499 0.0037196577560068 -0.0000131791686629 -0.0000128581444363 0.0000007815054684 0.0000080163432162 0.0000000418823969
0.8374730137479109 0.0268915899371929 0.3378178478817467 -0.0001926518326236 -0.0317729753778445 -0.0004301458814736 0.0034285312387599 -0.0000088729012140 -0.0000542258054499 0.0000009300680442 0.0000079934667924 0.0000000349809494
0.8456295101810303 0.0262464934177549 0.3133047639066730 0.0001868480608243 -0.0358539549069982 -0.0004283167300741 0.0030699198145780 -0.0000046178125459 -0.0000908815194495 0.0000010163136772 0.0000074543195306 0.0000000260023794
0.8536661456323088 0.0256029267357966 0.2890814470131099 0.0005355332252232 -0.0393169673901357 -0.0004191694502997 0.0026590625129331 -0.0000005457088999 -0.0001219106923944 0.0000010439911329 0.0000064874688996 0.0000000158331183
0.8615802293473569 0.0249612750441178 0.2651599220574262 0.0008544265232978 -0.0421909491773431 -0.0004037655602491 0.0022098658385864 0.0000032397934990 -0.0001467340269223 0.0000010190139776 0.0000051914270222 0.0000000052494755
0.8693691079167546 0.0243219212126864 0.2415520635582880 0.0011445539665815 -0.0445046473297792 -0.0003830912635930 0.0017349557102239 0.0000066601353707 -0.0001650605692850 0.0000009487580301 0.0000036678601420 -0.0000000049722462
0.8770301663742747 0.0236852455994572 0.2182695898516445 0.0014069436508423 -0.0462865959909222 -0.0003580599048992 0.0012457294305664 0.0000096588806502 -0.0001768443313007 0.0000008414460367 0.0000020162686527 -0.0000000142610501
0.8845608292800408 0.0230516258229455 0.1953240573212117 0.0016426246967777 -0.0475650930059648 -0.0003295144429298 0.0007524076263769 0.0000121989801660 -0.0001822443552592 0.0000007056522156 0.0000003298215985 -0.0000000221717744
0.8919585617881252 0.0224214365366906 0.1727268547073687 0.0018526261967883 -0.0483681768043558 -0.0002982299386124 0.0002640860962534 0.0000142602256109 -0.0001815880957570 0.0000005499149755 -0.0000013076832601 -0.0000000283809632
0.8992208706980868 0.0217950492057508 0.1504891974973416 0.0020379761686431 -0.0487236035603446 -0.0002649160543460 -0.0002112124943270 0.0000158368861649 -0.0001753379911987 0.0000003824092529 -0.0000028239099714 -0.0000000326694113
0.9063453054899752 0.0211728318853631 0.1286221223995097 0.0021997005168337 -0.0486588246461401 -0.0002302195612557 -0.0006664871315011 0.0000169355237180 -0.0001640610928324 0.0000002107041483 -0.0000041593248833 -0.0000000350636735
0.9133294593423230 0.0205551490019036 0.1071364819046293 0.0023388220024046 -0.0482009643921468 -0.0001947268509633 -0.0010957072445459 0.0000175729807312 -0.0001484016210857 0.0000000416066251 -0.0000052678078514 -0.0000000355568971
0.9201709701326560 0.0199423611362822 0.0860429389367195 0.0024563592220547 -0.0473767981685050 -0.0001589664487981 -0.0014937618299872 0.0000177745308548 -0.0001290563217088 -0.0000001189863731 -0.0000061167523514 -0.0000000342492809
0.9268675214200657 0.0193348248099013 0.0653519615963217 0.0025533255972751 -0.0462127308019562 -0.0001234115248970 -0.0018564089663552 0.0000175721912321 -0.0001067524903244 -0.0000002661342183 -0.0000066865967748 -0.0000000313579635
0.9334168434093901 0.0187328922733118 0.0450738179987852 0.0026307283742909 -0.0447347753418249 -0.0000884824000971 -0.0021802257776431 0.0000170031862185 -0.0000822285362637 -0.0000003958966923 -0.0000069701367878 -0.0000000271731686
0.9398167138965573 0.0181369112976913 0.0252185712101934 0.0026895676355695 -0.0429685321887031 -0.0000545490433388 -0.0024625589019666 0.0000161085576429 -0.0000562169544385 -0.0000005053222928 -0.0000069713772246 -0.0000000219265622
0.9460649591946629 0.0175472249692735 0.0057960742834928 0.0027308353236356 -0.0409391685991279 -0.0000219335574527 -0.0027014755218626 0.0000149319145531 -0.0000294295802310 -0.0000005924191771 -0.0000067043050599 -0.0000000159516246
0.9521594550403457 0.0169641714868505 -0.0131840346026676 0.0027555142779303 -0.0386713985793745 0.0000090873499564 -0.0028957150109941 0.0000135183171928 -0.0000025449954552 -0.0000006560978892 -0.0000061914287030 -0.0000000095294309
0.9580981274800545 0.0163880839624752 -0.0317123368999190 0.0027645772854380 -0.0361894631811421 0.0000382799134961 -0.0030446412518332 0.0000119132872408 0.0000238020379065 -0.0000006961043340 -0.0000054622659273 -0.0000000029871827
0.9638789537357912 0.0158192902254778 -0.0497796383385773 0.0027589861457952 -0.0335171112117219 0.0000654508780150 -0.0031481956772419 0.0000101619397080 0.0000490292458311 -0.0000007129248064 -0.0000045517846431 0.0000000033659166
0.9694999630499296 0.0152581126299222 -0.0673769734661120 0.0027396907515792 -0.0306775803709350 0.0000904450906602 -0.0032068510882921 0.0000083082279387 0.0000726137304727 -0.0000007076894322 -0.0000034988723625 0.0000000093997546
0.9749592375087283 0.0147048678656112 -0.0844956100733832 0.0027076281844643 -0.0276935788268342 0.0001131431199042 -0.0032215662995121 0.0000063942968251 0.0000940972084894 -0.0000006820944054 -0.0000023447900480 0.0000000147761245
0.9802549128441499 0.0141598667727601 -0.1011270535064026 0.0026637218279228 -0.0245872672419059 0.0001334589045702 -0.0031937416614496 0.0000044599386868 0.0001130897155700 -0.0000006382653605 -0.0000011317889245 0.0000000193359083
0.9853851792136219 0.0136234141604478 -0.1172630508614403 0.0026088804971264 -0.0213802412612200 0.0001513374356366 -0.0031251755096682 0.0000025421428664 0.0001292718957279 -0.0000005786803464 0.0000000982881366 0.0000000230563565
0.9903482819573765 0.0130958086289535 -0.1328955950613444 0.0025439975867017 -0.0180935144736353 0.0001667524736288 -0.0030180215876238 0.0000006747359280 0.0001423959981449 -0.0000005060620809 0.0000013051236306 0.0000000257149543
0.9951425223330199 0.0125773423960887 -0.1480169288110159 0.0024699502369615 -0.0147475018569231 0.0001797043044902 -0.0028747474901365 -0.0000011118963284 0.0001522856890294 -0.0000004232769083 0.0000024510382242 0.0000000273526271
0.9997662582269952 0.0120683011276264 -0.1626195484300287 0.0023875985192407 -0.0113620037172871 0.0001902175364420 -0.0026980941726320 -0.0000027910085421 0.0001588347964489 -0.0000003332566059 0.0000035019115436 0.0000000279065068
1.0042179048426043 0.0115689637719289 -0.1766962075604574 0.0022977846409297 -0.0079561901335384 0.0001983389406241 -0.0024910365700648 -0.0000043396257026 0.0001620050940394 -0.0000002389096395 0.0000044279034214 0.0000000274359773
1.0084959353642804 0.0110796023988752 -0.1902399207480275 0.0022013321707922 -0.0045485859157335 0.0002041353380424 -0.0022567453682026 -0.0000057386065613 0.0001618232355263 -0.0000001430421816 0.0000052040472809 0.0000000260555865
1.0125988815977900 0.0106004820431817 -0.2032439668947819 0.0020990452851477 -0.0011570560878877 0.0002076915352187 -0.0019985499685392 -0.0000069726487992 0.0001583769375729 -0.0000000483111503 0.0000058107255012 0.0000000237949120
1.0165253345860850 0.0101318605522109 -0.2157018925815019 0.0019917080354520 0.0022012080960798 0.0002091083112133 -0.0017199026866690 -0.0000080302390308 0.0001518105199778 0.0000000428462611 0.0000062338649720 0.0000000207759686
1.0202739452005052 0.0096739884383598 -0.2276075152582092 0.0018800836378320 0.0055097025942478 0.0002085004581114 -0.0014243442227232 -0.0000089035551958 0.0001423198945782 0.0000001282564197 0.0000064651166311 0.0000000171556532
1.0238434247070720 0.0092271087361118 -0.2389549263011235 0.0017649137850801 0.0087526234679684 0.0002059948774874 -0.0011154704406785 -0.0000095883258626 0.0001301471030127 0.0000002060334923 0.0000065017802074 0.0000000130450849
1.0272325453075963 0.0087914568638422 -0.2497384939345284 0.0016469179816172 0.0119148792142999 0.0002017287349264 -0.0007969004922698 -0.0000100836510077 0.0001155744908628 0.0000002746163544 0.0000063466732357 0.0000000086860486
1.0304401406553625 0.0083672604904533 -0.2599528660160646 0.0015267929019020 0.0149821025318065 0.0001958476747833 -0.0004722463193866 -0.0000103917912414 0.0000989186076523 0.0000003327753733 0.0000060078168717 0.0000000041550702
1.0334651063451459 0.0079547394069234 -0.2695929726840340 0.0014052117727579 0.0179406615122565 0.0001885040972567 -0.0001450835675288 -0.0000105179271323 0.0000805239191870 0.0000003796298346 0.0000054980547690 -0.0000000003274313
1.0363064003773330 0.0075541054028405 -0.2786540288653767 0.0012828237800543 0.0207776702511411 0.0001798554997306 0.0001810760587320 -0.0000104698974786 0.0000607564102767 0.0000004146347007 0.0000048345338084 -0.0000000046692333
1.0389630435959372 0.0071655621479960 -0.2871315366430442 0.0011602535001823 0.0234809988702694 0.0001700628842528 0.0005028109690043 -0.0000102579177269 0.0000399971524549 0.0000004375820967 0.0000040381613589 -0.0000000087259522
1.0414341201002992 0.0067893050791063 -0.2950212874815697 0.0010381003567215 0.0260392829461191 0.0001592892330577 0.0008168143612269 -0.0000098942840588 0.0000186359149743 0.0000004485750673 0.0000031329566481 -0.0000000123791682
1.0437187776302896 0.0064255212917303 -0.3023193643097047 0.0009169381026905 0.0284419323379657 0.0001476980537624 0.0011199173706026 -0.0000093930675559 -0.0000029351139872 0.0000004480204377 0.0000021453137212 -0.0000000154708105
1.0458162279248278 0.0060743894374414 -0.3090221434590685 0.0007973143287568 0.0306791394101594 0.0001354519958534 0.0014091106689508 -0.0000087698033657 -0.0000243274372768 0.0000004365792653 0.0000011033631998 -0.0000000180703958
1.0477257470535550 0.0057360796263191 -0.3151262964578211 0.0006797499977418 0.0327418866434276 0.0001227115401934 0.0016815644913443 -0.0000080411754840 -0.0000451621206282 0.0000004151593241 0.0000000361623765 -0.0000000199519089
1.0494466757215086 0.0054107533348112 -0.3206287916784528 0.0005647390057615 0.0346219536302979 0.0001096337627550 0.0019346470693851 -0.0000072247046962 -0.0000650753755343 0.0000003848589264 -0.0000010270200095 -0.0000000211588388
1.0509784195466534 0.0050985633190234 -0.3255268958388534 0.0004527477703044 0.0363119234502674 0.0000963711741705 0.0021659414513227 -0.0000063384401671 -0.0000837238021518 0.0000003469466236 -0.0000020574203318 -0.0000000216853418
1.0523204493101452 0.0047996535334819 -0.3298181753558975 0.0003442148455377 0.0378051884206581 0.0000830706362570 0.0023732606914025 -0.0000054006596206 -0.0001007892422690 0.0000003028064270 -0.0000030274709251 -0.0000000214868119
1.0534723011792073 0.0045141590554186 -0.3335004975508604 0.0002395505651066 0.0390959552195272 0.0000698723567283 0.0025546613924435 -0.0000044295796549 -0.0001159832020025 0.0000002539038126 -0.0000039114901364 -0.0000000206987985
1.0544335769025137 0.0042422060146184 -0.3365720317060491 0.0001391367126740 0.0401792493773851 0.0000569089631950 0.0027084555875842 -0.0000034430800058 -0.0001290508045916 0.0000002017551555 -0.0000046862499073 -0.0000000192340332
1.0552039439780037 0.0039839115288700 -0.3390312499721159 0.0000433262204230 0.0410509191348784 0.0000443046574611 0.0028332209482579 -0.0000024584440436 -0.0001397742418156 0.0000001478679611 -0.0000053315433338 -0.0000000172677349
1.0557831357930245 0.0037393836450530 -0.3408769281255888 -0.0000475571042709 0.0417076386639791 0.0000321744509753 0.0029278093084430 -0.0000014921173360 -0.0001479756941868 0.0000000937240584 -0.0000058306011686 -0.0000000147927359
1.0561709517367626 0.0035087212858972 -0.3421081461762378 -0.0001332188238195 0.0421469106506788 0.0000206234822907 0.0029913534951205 -0.0000005594866290 -0.0001535196946196 0.0000000407278443 -0.0000061705320746 -0.0000000119609820
1.0563672572848943 0.0032920142024371 -0.3427242888239648 -0.0002133940868897 0.0423670682374828 0.0000097464172081 0.0030232724589520 0.0000003253187278 -0.0001563149211159 -0.0000000098120076 -0.0000063425692209 -0.0000000089256584
1.0563719840564239 0.0030893429321924 -0.3427250457649864 -0.0002878478162260 0.0423672763245438 -0.0000003730677443 0.0030232746988380 0.0000011496020888 -0.0001563153967028 -0.0000000567172463 -0.0000063422879200 -0.0000000056318047
1.0561851298426812 0.0029007787630909 -0.3421104118471525 -0.0003563748677036 0.0421475322285563 -0.0000096627180805 0.0029913599772743 0.0000019022484791 -0.0001535210941160 -0.0000000989672443 -0.0000061696981864 -0.0000000023107526
1.0558067586084650 0.0027263837031552 -0.3408806870743214 -0.0004188001605206 0.0417086656989951 -0.0000180620498187 0.0029278193244409 0.0000025738488318 -0.0001479779376943 -0.0000001357148768 -0.0000058292382971 0.0000000010316029
1.0552370004653306 0.0025662104559635 -0.3390364764597870 -0.0004749787784607 0.0410523382917060 -0.0000255226134154 0.0028332333311226 0.0000031567964536 -0.0001397771991085 -0.0000001662983156 -0.0000053297018574 0.0000000041960506
1.0544760516170364 0.0024203024018999 -0.3365786897288364 -0.0005247960421629 0.0401810421002089 -0.0000320081729878 0.0027084687320913 0.0000036453548937 -0.0001290542981165 -0.0000001902663954 -0.0000046839807085 0.0000000071213390
1.0535241742771722 0.0022886935851962 -0.3335085408705774 -0.0005681675523828 0.0390980978455282 -0.0000374948005551 0.0025546732835803 0.0000040356996854 -0.0001159870127234 -0.0000002073581004 -0.0000039088401341 0.0000000097651617
1.0523816965590080 0.0021714087067727 -0.3298275475392769 -0.0006050392042278 0.0378076523257260 -0.0000419708854579 0.0023732689401559 0.0000043259301910 -0.0001007931153500 -0.0000002175246356 -0.0000030245288959 0.0000000120332982
1.0510490123376159 0.0020684631228732 -0.3255375303054989 -0.0006353871723835 0.0363146752267739 -0.0000454370589072 0.0021659433381654 0.0000045160544088 -0.0000837274544129 -0.0000002209138521 -0.0000020542636483 0.0000000138410114
1.0495265810843242 0.0019798628494960 -0.3206406117574320 -0.0006592178673690 0.0346249552967454 -0.0000479060339392 0.0019346395944236 0.0000046079451069 -0.0000650785037957 -0.0000002178645664 -0.0000010237355574 0.0000000151762049
1.0478149276735877 0.0019056045726079 -0.3151392154528532 -0.0006765678628804 0.0327450958857482 -0.0000494023609088 0.0016815444311650 0.0000046052701426 -0.0000451644103966 -0.0000002088889815 0.0000000394654106 0.0000000160242971
1.0459146421623546 0.0018456756641341 -0.3090360647222656 -0.0006875037942929 0.0306825098544045 -0.0000499620991629 0.0014090746393402 0.0000045133948932 -0.0000243285748637 -0.0000001946550561 0.0000011066123080 0.0000000163511969
1.0438263795420424 0.0018000542037061 -0.3023341813238099 -0.0006921222284440 0.0284454138540976 -0.0000496324049821 0.0011198618946844 0.0000043392613382 -0.0000029347943655 -0.0000001759648335 0.0000021484083097 0.0000000161610471
1.0415508594632241 0.0017687090061536 -0.2950368839506366 -0.0006905495047934 0.0260428219825873 -0.0000484710367575 0.0008167359421861 0.0000040912422268 0.0000186379766282 -0.0000001537224438 0.0000031357941628 0.0000000154902750
1.0390888659331692 0.0017515996547127 -0.2871477865914915 -0.0006829415481274 0.0234845388189844 -0.0000465457778212 0.0005027061670811 0.0000037789723265 0.0000400012094011 -0.0000001289192994 0.0000040406721028 0.0000000143584665
1.0364412469863629 0.0017486765399324 -0.2786707967453461 -0.0006694836529677 0.0207811518425121 -0.0000439337777387 0.0001809415710572 0.0000034131615470 0.0000607626752173 -0.0000001025849626 0.0000048366284327 0.0000000127710783
1.0336089143281637 0.0017598809042420 -0.2696101134909780 -0.0006503902398628 0.0179440232397979 -0.0000407208130465 -0.0001452508244684 0.0000030053866749 0.0000805325536070 -0.0000000757682492 0.0000054996775365 0.0000000108927904
1.0305928429517703 0.0017851448921562 -0.2599702254124803 -0.0006259045837881 0.0149852811059104 -0.0000370004681756 -0.0004724491260790 0.0000025678694532 0.0000989297124553 -0.0000000495033539 0.0000060089311718 0.0000000086731162
1.0273940707286591 0.0018243916060737 -0.2497559083817472 -0.0005962985148703 0.0119178100446711 -0.0000328732378480 -0.0007971412419334 0.0000021132391764 0.0001155880995172 -0.0000000247659229 0.0000063472341831 0.0000000063144635
1.0240136979726986 0.0018775351676357 -0.2389722231990648 -0.0005618720916930 0.0087552411741945 -0.0000284455519066 -0.0011157510557749 0.0000016542858597 0.0001301631736881 -0.0000000024586979 0.0000065017747964 0.0000000037886597
1.0204528869781300 0.0019444807845988 -0.2276245130929991 -0.0005229532474567 0.0055119415439679 -0.0000238287239245 -0.0014246660730281 0.0000012037032148 0.0001423383045086 0.0000000166339268 0.0000064645519896 0.0000000012397898
1.0167128615316334 0.0020251248231780 -0.2157184010808479 -0.0004798974092839 0.0022030029701538 -0.0000191378248250 -0.0017202665103864 0.0000007738294835 0.0001518310634789 0.0000000318625803 0.0000062327458560 -0.0000000012499767
1.0127949063987089 0.0021193548858067 -0.2032597871909971 -0.0004330870909789 -0.0011557697037992 -0.0000144904830465 -0.0019989557973283 0.0000003763839030 0.0001583993235895 0.0000000427429157 0.0000058090781391 -0.0000000036228124
1.0087003667845960 0.0022270498942661 -0.1902548455485850 -0.0003829314595773 -0.0045478709138446 -0.0000100056126788 -0.0022571924577768 0.0000000222069409 0.0001618470872797 0.0000000489700566 0.0000052019433304 -0.0000000057705266
1.0044306477699980 0.0023480801781228 -0.1767100213259524 -0.0003298658760445 -0.0079561072415054 -0.0000058020711097 -0.0024915233372571 -0.0000002789944696 0.0001620299537812 0.0000000504404575 0.0000044253938393 -0.0000000076515033
0.9999872137218621 0.0024823075684190 -0.1626320275594258 -0.0002743514104779 -0.0113626108314112 -0.0000019972480478 -0.0026986181406786 -0.0000005188920685 0.0001588601290805 0.0000000472522289 0.0000034990944039 -0.0000000092497582
0.9953715876794858 0.0026295854965496 -0.1480278418340414 -0.0002168743322242 -0.0147488533516692 0.0000012944125324 -0.0028753052434310 -0.0000006907677356 0.0001523108917796 0.0000000397169464 0.0000024479955240 -0.0000000104714607
0.9905853507162404 0.0027897590982622 -0.1329047028378948 -0.0001579455753059 -0.0180956604882613 0.0000039629555450 -0.0030186087372934 -0.0000007897268833 0.0001424204091431 0.0000000283485187 0.0000013019625026 -0.0000000112672009
0.9856301412772044 0.0029626653227100 -0.1172701067878562 -0.0000981001795968 -0.0213832269642556 0.0000059045211320 -0.0031257866718017 -0.0000008128893051 0.0001292948094132 0.0000000138564518 0.0000000951242761 -0.0000000116582338
0.9805076544930045 0.0031481330464871 -0.1011318037284675 -0.0000378967081897 -0.0245911320743468 0.0000070230122409 -0.0031943704491671 -0.0000007595536652 0.0001131103970046 -0.0000000028787712 -0.0000011348546932 -0.0000000115963438
0.9752196414701945 0.0033459831925681 -0.0844977937058881 0.0000220833585801 -0.0276983557248174 0.0000072318213007 -0.0032222053307390 -0.0000006313286811 0.0000941149125223 -0.0000000208198224 -0.0000023476632803 -0.0000000111514935
0.9697679085584907 0.0035560288540758 -0.0673763228188346 0.0000812362519671 -0.0306832949688051 0.0000064556138607 -0.0032074920108563 -0.0000004322292513 0.0000726277209021 -0.0000000388189779 -0.0000035014353719 -0.0000000103085080
0.9641543165952009 0.0037780754227973 -0.0497758791485087 0.0001389365660067 -0.0335237810263499 0.0000046321669380 -0.0031488292126231 -0.0000001687295209 0.0000490388204412 -0.0000000556500833 -0.0000045539396953 -0.0000000091521416
0.9583807801272030 0.0040119207223600 -0.0317051885695750 0.0001945379305438 -0.0361970967784030 0.0000017142598203 -0.0030452572598962 0.0000001502305040 0.0000238065512392 -0.0000000700584647 -0.0000054639321779 -0.0000000077034731
0.9524492666108269 0.0042573551459841 -0.0131732104443120 0.0002473737055703 -0.0386799947237193 -0.0000023283851355 -0.0028963025767936 0.0000005132908702 -0.0000025461058962 -0.0000000808121579 -0.0000061925593546 -0.0000000059864062
0.9463617955900073 0.0045141617987223 0.0058108667978878 0.0002967576963119 -0.0409487153871878 -0.0000075071140726 -0.0027020230666788 0.0000009067756395 -0.0000294367658171 -0.0000000867660700 -0.0000067048512909 -0.0000000041121002
0.9401204378530899 0.0047821166440911 0.0252376301934300 0.0003419848885026 -0.0429790061679210 -0.0000138123081378 -0.0024630543201963 0.0000013148596151 -0.0000562305304892 -0.0000000869153577 -0.0000069713055541 -0.0000000021756029
0.9337273145686799 0.0050609886550012 0.0450974468875468 0.0003823322032678 -0.0447461406150799 -0.0000212113074452 -0.0021806566014769 0.0000017198047158 -0.0000822486539717 -0.0000000804635915 -0.0000069694429491 -0.0000000002109367
0.9271845964009272 0.0053505399688876 0.0653804688850963 0.0004170592710071 -0.0462249381192130 -0.0000296462951820 -0.0018567625599250 0.0000021022707728 -0.0001067791109036 -0.0000000668889052 -0.0000066853301025 0.0000000016103401
0.9204945026046580 0.0056505260469411 0.0860766379067254 0.0004454092236750 -0.0473897840065176 -0.0000390321444960 -0.0014940256148812 0.0000024417072035 -0.0001290891938490 -0.0000000459972010 -0.0000061149484743 0.0000000033333166
0.9136593001007684 0.0059606958373365 0.1071756903479417 0.0004666095048309 -0.0482146500232498 -0.0000492542310062 -0.0010958689587423 0.0000027168304627 -0.0001484402604565 -0.0000000179932825 -0.0000052655646097 0.0000000048264556
0.9066813025323095 0.0062807919423519 0.1286671623385866 0.0004798726968101 -0.0486731151972193 -0.0000601662135760 -0.0006665351231528 0.0000029061949587 -0.0001641047659123 0.0000000164821324 -0.0000041567281005 0.0000000060451522
0.8995628693016925 0.0066105507892742 0.1505403949001495 0.0004843973643734 -0.0487383870630480 -0.0000715877864009 -0.0002111360528272 0.0000029888618443 -0.0001753857051191 0.0000000563089044 -0.0000028210924310 0.0000000069547875
0.8923064045894575 0.0069497028049779 0.1727845391983164 0.0004793689141599 -0.0483833232376544 -0.0000833024051760 0.0002642963705075 0.0000029451723763 -0.0001816385956119 0.0000000998647613 -0.0000013047818055 0.0000000075019519
0.8849143563550632 0.0072979725940673 0.1953885618880962 0.0004639604692662 -0.0475804533321721 -0.0000950549903560 0.0007527594112772 0.0000027576315791 -0.0001822961290634 0.0000001450210711 0.0000003326520570 0.0000000076750204
0.8773892153201487 0.0076550791204651 0.2183412505488263 0.0004373337582631 -0.0463020011863043 -0.0001065496104453 0.0012462282290145 0.0000024119096243 -0.0001768956262169 0.0000001891653631 0.0000020188965606 0.0000000074753297
0.8697335139347392 0.0080207358923355 0.2416312192063060 0.0003986400179403 -0.0445199074108824 -0.0001174471484583 0.0017356043522081 0.0000018979649880 -0.0001651094192215 0.0000002292550842 0.0000036701218804 0.0000000069046659
0.8619498253268699 0.0083946511502182 0.2652469139392710 0.0003470209090762 -0.0422058522242084 -0.0001273629544951 0.0022106639368513 0.0000012112970995 -0.0001467782966180 0.0000002619002994 0.0000051931860250 0.0000000060762884
0.8540407622361071 0.0087765280582571 0.2891766185673754 0.0002816094444962 -0.0393312785675421 -0.0001358644876840 0.0026600058702032 0.0000003543336432 -0.0001219481369688 0.0000002834936944 0.0000064886319347 0.0000000050054677
0.8460089759314584 0.0091660648983992 0.3134084604178097 0.0002015309286938 -0.0358674154849202 -0.0001424689504454 0.0030709997807845 -0.0000006620397105 -0.0000909098626519 0.0000002903959531 0.0000074548024145 0.0000000036832431
0.8378571551141709 0.0095629552674410 0.3379304161676381 0.0001059039082665 -0.0317853017523030 -0.0001466409184940 0.0034297340160187 -0.0000018168044413 -0.0000542428409216 0.0000002791679583 0.0000079932446793 0.0000000022094897
0.8295880248059120 0.0099668882767968 0.3627303177589137 -0.0000061588675852 -0.0270558097408718 -0.0001477899695088 0.0037209636497855 -0.0000030769786402 -0.0000128618595988 0.0000002468801503 0.0000080154121410 0.0000000007455453
0.8212043452228491 0.0103775487548598 0.3877958583835753 -0.0001355494772539 -0.0216496694991543 -0.0001452683139930 0.0039280585821343 -0.0000043956292627 0.0000319321931043 0.0000001914848772 0.0000074510817962 -0.0000000006931803
0.8127089106361456 0.0107946174518301 0.4131145985351151 -0.0002831638483929 -0.0155374930384706 -0.0001383684312580 0.0040329517941152 -0.0000057097179248 0.0000783978286677 0.0000001122861162 0.0000062583685193 -0.0000000020048979
0.8041045482193832 0.0112177712468774 0.4386739721239588 -0.0004499007718238 -0.0086897988060668 -0.0001263207140455 0.0040160878207323 -0.0000069377757630 0.0001242945041285 0.0000000105074324 0.0000044358457217 -0.0000000031554108
0.7953941168834510 0.0116466833575069 0.4644612926534725 -0.0006366609084733 -0.0010770363301700 -0.0001082911249459 0.0038563715055350 -0.0000079774024033 0.0001668200982599 -0.0000001100521722 0.0000020367963215 -0.0000000040192673
0.7865805060994261 0.0120810235509969 0.4904637594534850 -0.0008443457901241 0.0073303889789379 -0.0000833788679378 0.0035311171007223 -0.0000087025814309 0.0002025441996175 -0.0000002422269966 -0.0000008140973649 -0.0000000046634129
0.7776666347099855 0.0125204583577716 0.5166684639681813 -0.0010738568147781 0.0165620908878406 -0.0000506140783245 0.0030159977758930 -0.0000089608081931 0.0002273370846389 -0.0000003745506054 -0.0000039014132127 -0.0000000049446638
0.7686554497298922 0.0129646512865771 0.5430623960951984 -0.0013260942374331 0.0266476772750311 -0.0000089555344470 0.0022849956001713 -0.0000085700244991 0.0002362942765705 -0.0000004902029855 -0.0000068967299301 -0.0000000048290241
0.7595499251361010 0.0134132630413208 0.5696324505727229 -0.0016019561570736 0.0376167249582865 0.0000427116056281 0.0013103520612474 -0.0000073153537091 0.0002236565681775 -0.0000005657702424 -0.0000093331897630 -0.0000000043562216
0.7503530606480405 0.0138659517394396 0.5963654334113875 -0.0019023375006875 0.0494987544307037 0.0001055780389876 0.0000625191854306 -0.0000049456328872 0.0001827253998960 -0.0000005698515266 -0.0000105765144438 -0.0000000035030826
0.7410678804986207 0.0143223731316579 0.6232480683677071 -0.0022281290051239 0.0623232045217565 0.0001809125211717 -0.0014898886772846 -0.0000011697347335 0.0001057734924566 -0.0000004614395670 -0.0000097923507131 -0.0000000020204199
0.7316974321965301 0.0147821808229962 0.6502670034558146 -0.0025802161975997 0.0761194069998541 0.0002700640344199 -0.0033801423392721 0.0000043473234090 -0.0000160493765418 -0.0000001881314103 -0.0000059094187503 0.0000000001023171
0.7222447852803844 0.0152450264948912 0.6774088174942012 -0.0029594783756784 0.0909165611328892 0.0003744639176974 -0.0056434444687083 0.0000119884897032 -0.0001928155496863 0.0000003159211757 0.0000024217253886 0.0000000031105502
0.7127130300652959 0.0157105601282883 0.7046600266841840 -0.0033667875875432 0.1067437082233698 0.0004956279551900 -0.0083169754267299 0.0000221890112165 -0.0004359237105123 0.0000011323080371 0.0000168746544410 0.0000000075165614
